2871,97.39,98.33,-195.72,59.83,-90,143,71,123,0,0,0,0,-41
2872,98.68,98.64,-197.32,60,-90,143,71,123,0,0,0,0,-41
2873,97.37,98.49,-195.86,59.8,-90,141,70,121,0,0,0,0,-41
2874,94.88,98.04,-192.93,59.44,-90,142,72,122,0,0,0,0,-41
2875,94.17,98.47,-192.65,59.25,-90,143,73,122,0,0,0,0,-41
2876,91.85,114.35,-206.21,56.38,-90,144,79,119,0,0,0,0,-41
2877,102.04,96.85,-198.89,60.85,-90,144,70,125,0,0,0,0,-41
2878,102.34,93.21,-195.56,61.53,-90,144,68,126,0,0,0,0,-41
2879,98.34,99.85,-198.19,59.73,-90,143,72,123,0,0,0,0,-41
2880,92.98,100.11,-193.09,58.76,-90,142,73,121,0,0,0,0,-41
2881,89.58,101.29,-190.88,57.96,-90,143,75,121,0,0,0,0,-41
2882,82.78,111.43,-194.22,55.12,-90,146,83,119,0,0,0,0,-41
2883,101.49,106.49,-207.98,59.19,-90,146,74,125,0,0,0,0,-40
2884,103.36,99.63,-202.99,60.59,-90,145,71,126,0,0,0,0,-41
2885,101.85,96.34,-198.19,60.9,-90,143,69,124,0,0,0,0,-41
2886,106.05,91.58,-197.63,62.41,-90,143,66,126,0,0,0,0,-41
2887,99.77,101.48,-201.25,59.7,-90,146,73,126,0,0,0,0,-41
2888,102.09,95.46,-197.55,61.09,-90,145,70,126,0,0,0,0,-41
2889,102.1,98.34,-200.45,60.61,-90,145,71,126,0,0,0,0,-40
2890,95.79,111.01,-206.81,57.55,-90,145,77,122,0,0,0,0,-41
2891,103.04,99.88,-202.93,60.5,-90,146,71,127,0,0,0,0,-41
2892,101.36,99.71,-201.07,60.26,-90,145,71,125,0,0,0,0,-40
2893,104.61,99.35,-203.96,60.84,-90,145,70,126,0,0,0,0,-40
2894,100.77,96.87,-197.65,60.64,-90,146,71,127,0,0,0,0,-41
2895,105.5,94.26,-199.77,61.85,-90,144,67,126,0,0,0,0,-41
2896,101.36,93.92,-195.28,61.25,-90,143,68,125,0,0,0,0,-41
2897,97.59,99.5,-197.09,59.66,-90,142,71,122,0,0,0,0,-41
2898,99.94,92.72,-192.66,61.22,-90,142,68,124,0,0,0,0,-41
2899,92.52,98.7,-191.23,58.92,-90,141,72,120,0,0,0,0,-41
2900,88.23,101.92,-190.16,57.61,-90,142,76,119,0,0,0,0,-41
2901,86.21,106.96,-193.18,56.44,-90,143,79,119,0,0,0,0,-42
2902,95.87,112.35,-208.22,57.37,-90,145,78,122,0,0,0,0,-41
2904,101.31,106.67,-207.99,59.13,-90,147,75,126,0,0,0,0,-41
2905,97.3,92.61,-189.91,60.8,-90,144,70,125,0,0,0,0,-41
2906,98.05,100.14,-198.2,59.64,-90,143,72,123,0,0,0,0,-41
2907,94.18,100.23,-194.42,58.96,-90,142,73,121,0,0,0,0,-41
2908,87.56,111.63,-199.19,56,-90,145,81,120,0,0,0,0,-42
2909,103.9,95.97,-199.88,61.3,-90,143,68,125,0,0,0,0,-41
2910,90.84,97.46,-188.3,58.82,-90,143,74,122,0,0,0,0,-41
2911,102.46,101.19,-203.66,60.19,-90,147,73,127,0,0,0,0,-41
2912,96.3,101.19,-197.49,59.17,-90,141,72,121,0,0,0,0,-41
2913,89.47,106.32,-195.79,57.14,-90,143,77,120,0,0,0,0,-42
2914,95.96,102.64,-198.61,58.87,-90,143,73,122,0,0,0,0,-41
2915,88.01,100.42,-188.43,57.81,-90,142,75,120,0,0,0,0,-41
2916,100.02,105.75,-205.78,59.06,-90,146,75,125,0,0,0,0,-41
2917,102.88,96.5,-199.38,61.04,-90,144,69,125,0,0,0,0,-41
2918,102.48,96.11,-198.59,61.05,-90,145,70,126,0,0,0,0,-41
2919,95.82,90.44,-186.26,60.94,-90,141,68,123,0,0,0,0,-42
2920,95.36,98.19,-193.55,59.5,-90,141,71,121,0,0,0,0,-41
2921,88.17,98.46,-186.63,58.16,-90,143,75,121,0,0,0,0,-41
2922,86.52,115.48,-202,55.25,-90,143,81,117,0,0,0,0,-41
2923,99.1,96.91,-196.02,60.35,-90,142,70,123,0,0,0,0,-41
2924,95.16,102.26,-197.42,58.8,-90,143,74,122,0,0,0,0,-41
2925,84,105.41,-189.41,56.25,-90,144,80,119,0,0,0,0,-42
2926,102.66,96.07,-198.73,61.08,-90,145,70,126,0,0,0,0,-41
2927,95.45,101.46,-196.92,58.98,-90,143,73,122,0,0,0,0,-41
2930,100.78,89.51,-190.3,61.94,-90,142,66,125,0,0,0,0,-41
2931,89.38,99.85,-189.23,58.16,-90,142,74,120,0,0,0,0,-41
2932,93.11,109.97,-203.09,57.25,-90,146,78,122,0,0,0,0,-41
2933,97.24,101.37,-198.62,59.3,-90,142,72,122,0,0,0,0,-41
2934,100.36,107.04,-207.41,58.92,-90,146,75,125,0,0,0,0,-41
2935,91.28,99.47,-190.75,58.56,-90,143,74,122,0,0,0,0,-41
2936,96.65,99.5,-196.15,59.5,-90,142,72,122,0,0,0,0,-41
2938,96.11,101.13,-197.24,59.14,-90,143,73,122,0,0,0,0,-40
2939,106.87,96.46,-203.34,61.68,-90,144,68,126,0,0,0,0,-41
2940,105.41,96.44,-201.85,61.45,-90,143,68,125,0,0,0,0,-40
2941,96.33,109.2,-205.53,57.91,-90,146,77,123,0,0,0,0,-41
2942,94.9,110.94,-205.85,57.41,-90,144,77,121,0,0,0,0,-40
2944,108.56,97.66,-206.22,61.73,-90,145,68,127,0,0,0,0,-41
2945,100.02,97.25,-197.27,60.45,-90,143,70,124,0,0,0,0,-41
2947,96.99,108.55,-205.55,58.13,-90,144,76,122,0,0,0,0,-40
2948,95.39,100.53,-195.93,59.12,-90,141,72,121,0,0,0,0,-41
2949,92.86,101.55,-194.42,58.51,-90,142,74,121,0,0,0,0,-41
2950,93.53,102.07,-195.61,58.54,-90,142,74,121,0,0,0,0,-40
2951,90.72,99.14,-189.86,58.52,-90,143,74,121,0,0,0,0,-42
2952,87.8,102.91,-190.72,57.37,-90,142,76,119,0,0,0,0,-42
2953,95.53,103.64,-199.17,58.64,-90,142,73,121,0,0,0,0,-41
2954,94.98,103.03,-198.01,58.64,-90,141,73,120,0,0,0,0,-41
2955,102.75,96.08,-198.84,61.09,-90,143,69,125,0,0,0,0,-41
2956,90.63,112.44,-203.08,56.44,-90,144,79,119,0,0,0,0,-41
2957,91.28,101.7,-192.98,58.2,-90,143,75,121,0,0,0,0,-41
2958,104.49,89.12,-193.61,62.61,-90,143,65,126,0,0,0,0,-41
2959,98.35,110.11,-208.46,58.12,-90,146,77,123,0,0,0,0,-41
2960,84.53,106.17,-190.71,56.25,-90,141,78,117,0,0,0,0,-42
2961,99.47,93.3,-192.78,61.04,-90,144,69,125,0,0,0,0,-41
2962,82.74,112.21,-194.95,55,-90,144,82,117,0,0,0,0,-41
2963,93.43,101.49,-194.92,58.62,-90,143,74,122,0,0,0,0,-41
2964,99.87,98.32,-198.2,60.25,-90,142,70,123,0,0,0,0,-41
2965,92.39,115.06,-207.46,56.38,-90,144,79,119,0,0,0,0,-41
2966,93.19,98.72,-191.92,59.03,-90,143,73,122,0,0,0,0,-41
2967,98.83,95.32,-194.16,60.58,-90,143,70,124,0,0,0,0,-41
2968,96.08,109.74,-205.83,57.79,-90,145,77,122,0,0,0,0,-41
2969,92.67,115.1,-207.77,56.42,-90,144,79,119,0,0,0,0,-41
2970,85.42,110.86,-196.29,55.7,-90,143,80,118,0,0,0,0,-41
2971,96.6,109.08,-205.68,57.98,-90,145,76,122,0,0,0,0,-41
2972,104.36,97.92,-202.29,61.04,-90,146,70,127,0,0,0,0,-41
2973,104.21,99.24,-203.46,60.79,-90,144,70,125,0,0,0,0,-40
2974,98.67,100.33,-199.01,59.71,-90,142,71,122,0,0,0,0,-41
2975,92.39,100.81,-193.21,58.54,-90,142,74,121,0,0,0,0,-41
2976,89.29,114.57,-203.86,55.89,-90,143,80,118,0,0,0,0,-41
2977,96.12,98.88,-195,59.52,-90,141,71,121,0,0,0,0,-41
2978,86.15,104.11,-190.27,56.87,-90,144,78,120,0,0,0,0,-42
2979,87.82,115.02,-202.84,55.56,-90,145,82,119,0,0,0,0,-41
2980,97.05,96.52,-193.58,60.07,-90,141,70,122,0,0,0,0,-41
2981,81.32,106.43,-187.76,55.57,-90,142,80,117,0,0,0,0,-42
2982,103.54,101.82,-205.37,60.26,-90,145,71,125,0,0,0,0,-41
2983,89.06,100.72,-189.78,57.95,-90,143,75,121,0,0,0,0,-42
2984,100.82,96.33,-197.16,60.75,-90,142,69,123,0,0,0,0,-41
2985,87.78,113.1,-200.89,55.82,-90,144,80,119,0,0,0,0,-42
2986,93.12,99.8,-192.92,58.84,-90,144,74,123,0,0,0,0,-41
2987,103.26,93.58,-196.84,61.61,-90,142,67,124,0,0,0,0,-41
2988,105.08,100.85,-205.94,60.67,-90,144,70,125,0,0,0,0,-41
2989,89.94,113.81,-203.76,56.12,-90,145,80,120,0,0,0,0,-41
2990,92.8,112.48,-205.28,56.82,-90,145,79,121,0,0,0,0,-41
2991,104.92,96.3,-201.22,61.4,-90,143,68,125,0,0,0,0,-40
2992,97.68,87.68,-185.36,61.77,-90,141,66,124,0,0,0,0,-41
2993,97.26,102.57,-199.83,59.1,-90,143,73,122,0,0,0,0,-41
2994,91.35,111.04,-202.4,56.77,-90,146,80,122,0,0,0,0,-41
2995,96.31,101.94,-198.25,59.05,-90,142,73,121,0,0,0,0,-41
2996,87.71,105.27,-192.99,56.98,-90,143,77,119,0,0,0,0,-42
2997,104.43,91.3,-195.73,62.2,-90,142,66,125,0,0,0,0,-41
2998,95.87,99.47,-195.34,59.37,-90,143,72,123,0,0,0,0,-41
2999,93.7,116.98,-210.68,56.33,-90,145,80,120,0,0,0,0,-40
3000,94.23,100.17,-194.4,58.97,-90,142,73,121,0,0,0,0,-41
3001,92.98,115.29,-208.27,56.45,-90,145,80,120,0,0,0,0,-41
3002,97.04,99.1,-196.15,59.64,-90,141,71,121,0,0,0,0,-41
3003,103.39,105.27,-208.67,59.69,-90,145,73,125,0,0,0,0,-41
3004,91,100.42,-191.43,58.36,-90,143,75,121,0,0,0,0,-41
3005,96.39,112.49,-208.88,57.44,-90,146,78,123,0,0,0,0,-41
3006,91.76,98.67,-190.43,58.79,-90,143,74,122,0,0,0,0,-41
3007,101.13,95.28,-196.41,60.97,-90,142,68,124,0,0,0,0,-41
3008,89.76,98.84,-188.6,58.39,-90,142,74,120,0,0,0,0,-42
3009,97.67,95.81,-193.49,60.3,-90,142,70,123,0,0,0,0,-42
3010,99.56,113.24,-212.81,57.86,-90,144,76,121,0,0,0,0,-41
3011,86.9,115.67,-202.58,55.3,-90,143,81,117,0,0,0,0,-42
3012,88.75,98.9,-187.65,58.2,-90,144,75,122,0,0,0,0,-41
3015,107.97,95.05,-203.02,62.09,-90,143,66,126,0,0,0,0,-41
3016,103.35,107.47,-210.82,59.34,-90,144,73,123,0,0,0,0,-41
3017,105.09,95.34,-200.44,61.59,-90,143,68,125,0,0,0,0,-41
3018,96.66,99.41,-196.08,59.52,-90,142,72,122,0,0,0,0,-41
3019,96.25,102.56,-198.81,58.94,-90,142,73,121,0,0,0,0,-41
3020,83.18,108.08,-191.26,55.69,-90,145,81,119,0,0,0,0,-41
3021,102.25,98.42,-200.67,60.62,-90,143,70,124,0,0,0,0,-41
3022,97.04,98.67,-195.71,59.71,-90,141,71,121,0,0,0,0,-41
3023,89.79,117.54,-207.34,55.57,-90,145,81,119,0,0,0,0,-41
3024,98.82,95.88,-194.71,60.48,-90,141,69,122,0,0,0,0,-41
3025,87.75,116.88,-204.63,55.29,-90,143,81,117,0,0,0,0,-42
3026,92.82,99.15,-191.97,58.89,-90,143,73,122,0,0,0,0,-41
3027,99.52,98.66,-198.19,60.13,-90,143,71,124,0,0,0,0,-41
3028,86.32,109.23,-195.55,56.11,-90,144,80,119,0,0,0,0,-42
3029,88.53,113.18,-201.72,55.95,-90,144,80,119,0,0,0,0,-41
3030,88.33,107.18,-195.51,56.8,-90,144,78,120,0,0,0,0,-42
3031,88.12,115.23,-203.35,55.58,-90,146,82,120,0,0,0,0,-41
3032,104.65,97.24,-201.89,61.2,-90,144,69,126,0,0,0,0,-41
3033,99.67,98.99,-198.66,60.1,-90,142,70,123,0,0,0,0,-41
3034,85.71,114.21,-199.92,55.28,-90,144,82,118,0,0,0,0,-41
3035,98.06,103.04,-201.11,59.17,-90,143,73,122,0,0,0,0,-41
3036,86.44,117.3,-203.74,55,-90,143,82,117,0,0,0,0,-41
3037,94.74,99.78,-194.52,59.13,-90,145,74,124,0,0,0,0,-41
3038,105.07,92.35,-197.43,62.12,-90,143,66,126,0,0,0,0,-41
3039,94.19,100.91,-195.11,58.85,-90,144,74,123,0,0,0,0,-41
3040,96.99,112.15,-209.14,57.59,-90,145,77,122,0,0,0,0,-40
3041,98.15,100.64,-198.79,59.57,-90,143,72,123,0,0,0,0,-41
3042,90.3,101.35,-191.66,58.08,-90,143,75,121,0,0,0,0,-41
3043,95.95,109.7,-205.65,57.77,-90,143,76,120,0,0,0,0,-41
3044,96.79,88.7,-185.5,61.43,-90,140,66,122,0,0,0,0,-41
3045,83.72,102.07,-185.8,56.72,-90,144,79,120,0,0,0,0,-42
3046,100.8,96.96,-197.76,60.63,-90,142,69,123,0,0,0,0,-41
3047,86.01,106.28,-192.29,56.5,-90,144,79,120,0,0,0,0,-42
3048,97.08,99.34,-196.43,59.6,-90,142,71,122,0,0,0,0,-41
3049,103.82,94.92,-198.75,61.47,-90,143,68,125,0,0,0,0,-41
3050,89.59,109.3,-198.9,56.71,-90,144,79,120,0,0,0,0,-42
3051,90.23,96.8,-187.04,58.82,-90,143,74,122,0,0,0,0,-41
3052,90.51,100.34,-190.85,58.28,-90,143,75,121,0,0,0,0,-42
3053,87.24,113.62,-200.86,55.65,-90,144,81,118,0,0,0,0,-39
3054,98.48,107.6,-206.09,58.52,-90,143,74,121,0,0,0,0,-41
3055,102.3,96.29,-198.59,61,-90,143,69,125,0,0,0,0,-42
3056,89.55,113.85,-203.41,56.04,-90,144,80,119,0,0,0,0,-42
3057,104.39,97.75,-202.14,61.07,-90,142,68,124,0,0,0,0,-40
3058,95.82,112.13,-207.95,57.39,-90,138,74,116,0,0,0,0,-46
3059,87.49,124.65,-212.14,54.21,-90,139,81,112,0,0,0,0,-52
3060,87.52,123.59,-211.12,54.35,-90,143,83,116,0,0,0,0,-46
3061,61.88,166.32,-228.2,45.18,-90,140,98,99,0,0,0,0,-47
3062,97.25,139.55,-236.81,54.1,-90,142,83,115,0,0,0,0,-48
3063,92.31,146.46,-238.77,52.52,-90,143,87,113,0,0,0,0,-48
3064,117.54,115.29,-232.84,60.3,-90,145,71,125,0,0,0,0,-47
3065,120.32,104.48,-224.8,62.31,-90,150,69,132,0,0,0,0,-46
3066,109.22,113.91,-223.14,59.29,-90,155,79,133,0,0,0,0,-43
3067,123.02,96.22,-219.25,64.02,-90,158,69,142,0,0,0,0,-46
3068,134.29,83.25,-217.54,67.7,-90,162,61,149,0,0,0,0,-45
3069,133.41,90.12,-223.53,66.37,-90,169,67,154,0,0,0,0,-43
3070,133.65,81.65,-215.31,67.92,-90,169,63,156,0,0,0,0,-46
3071,145.59,74.49,-220.08,70.55,-90,173,57,163,0,0,0,0,-46
3072,123.44,89.15,-212.6,65.31,-90,176,73,159,0,0,0,0,-46
3073,141.37,81.91,-223.29,68.73,-90,177,64,164,0,0,0,0,-46
3074,141.13,72.34,-213.47,70.52,-90,177,59,166,0,0,0,0,-47
3075,136.05,78.29,-214.34,68.83,-90,175,63,163,0,0,0,0,-47
3076,147.78,70.84,-218.62,71.47,-90,178,56,168,0,0,0,0,-48
3077,136.4,71.74,-208.14,70.15,-90,178,60,167,0,0,0,0,-46
3078,141.3,73.2,-214.51,70.37,-90,176,59,165,0,0,0,0,-47
3079,150.88,65.57,-216.46,72.8,-90,177,52,169,0,0,0,0,-47
3080,138,77.87,-215.87,69.12,-90,176,62,164,0,0,0,0,-48
3081,135.83,80.02,-215.86,68.48,-90,176,64,163,0,0,0,0,-47
3082,135.16,85.64,-220.8,67.36,-90,173,66,159,0,0,0,0,-47
3083,125.34,100.14,-225.49,63.68,-90,174,77,155,0,0,0,0,-48
3084,116.71,110.77,-227.49,60.85,-90,171,83,149,0,0,0,0,-48
3085,96.65,138.77,-235.42,54.09,-90,171,100,138,0,0,0,0,-47
3086,110.84,130.68,-241.52,57.27,-90,171,92,143,0,0,0,0,-47
3087,88.99,155.47,-244.47,51.06,-90,170,106,132,0,0,0,0,-46
3088,79.67,157.59,-237.27,49.25,-90,171,111,129,0,0,0,0,-46
3089,58.57,169.43,-228,44.3,-90,170,121,118,0,0,0,0,-46
3090,50.01,171.51,-221.52,42.41,-90,167,123,112,0,0,0,0,-46
3091,19.94,195.86,-215.8,34.78,-90,166,136,94,0,0,0,0,-45
3092,13.34,185.99,-199.34,33.42,-90,166,138,91,0,0,0,0,-41
3093,-11.92,193.02,-181.1,26.83,-90,161,143,72,0,0,0,0,-40
3094,15.63,187.4,-203.04,33.95,-90,161,133,89,0,0,0,0,-39
3095,-23.28,203.58,-180.29,24,-90,159,145,64,0,0,0,0,-40
3096,-21.02,203.07,-182.05,24.58,-90,155,140,64,0,0,0,0,-40
3097,-7.29,171.75,-164.46,27.83,-90,156,137,72,0,0,0,0,-39
3098,-38.98,187.76,-148.77,18.64,-90,155,146,49,0,0,0,0,-40
3099,-35.01,192.33,-157.31,20.14,-90,158,148,54,0,0,0,0,-40
3100,-43.1,193.13,-150.02,17.71,-90,155,147,47,0,0,0,0,-42
3101,-59.01,167.48,-108.47,9.11,-70.44,154,143,24,50,0,0,0,-41
3102,-63.52,163.79,-100.27,6.75,-66.38,152,138,17,60,0,0,0,-40
3105,-101.06,141.93,-40.86,-11.12,-53.46,142,111,-27,82,0,0,0,-41
3106,-114.83,119.28,-4.45,-20.72,-45.1,138,91,-48,91,0,0,0,-40
3107,-118.16,106.34,11.81,-24.63,-40.53,138,81,-57,95,0,0,0,-41
3108,-137.97,101.53,36.44,-34,-42.87,134,75,-74,81,0,0,0,-42
3109,-154.19,98.24,55.95,-42.36,-47.62,134,73,-90,66,0,0,0,-43
3110,-153.99,77.05,76.94,-47.78,-39.57,134,57,-99,69,0,0,0,-42
3111,-160.68,73.05,87.62,-52.78,-42.14,131,53,-104,58,0,0,0,-42
3112,-153.93,63.26,90.67,-51.67,-34.52,135,47,-105,68,0,0,0,-37
3113,-161.42,47.37,114.05,-62.07,-34.19,133,35,-117,51,0,0,0,-38
3114,-159.7,33.89,125.81,-66.31,-27.94,133,25,-121,47,0,0,0,-36
3115,-158.4,20.51,137.89,-71.86,-21.48,132,15,-125,38,0,0,0,-36
3116,-155.85,-0.16,156.02,-89.93,90,132,0,-131,0,0,0,0,-36
3117,-150.74,-16.25,166.99,-84.92,90,132,-11,-131,0,0,0,0,-38
3118,-140.67,-45.39,186.07,-76.46,90,130,-30,-126,0,0,0,0,-38
3119,-123.24,-50.33,173.58,-72.18,66.09,130,-36,-123,16,0,0,0,-39
3120,-111.19,-54.46,165.65,-62.61,41.13,130,-39,-115,45,0,0,0,-40
3121,-94.79,-55.83,150.63,-51.91,30.18,133,-41,-104,70,0,0,0,-38
3123,-28.67,-80.41,109.09,-26.21,29.85,138,-61,-60,107,0,0,0,-42
3125,32.56,-114.1,81.53,-9.02,39.92,140,-88,-21,106,0,0,0,-42
3126,33.43,-118.47,85.04,-9.51,41.85,141,-92,-23,103,0,0,0,-41
3127,58.26,-139.53,81.26,-4.22,51,140,-108,-10,87,0,0,0,-41
3128,46.48,-138.39,91.91,-8.36,51,142,-109,-20,88,0,0,0,-45
3129,103.05,-157.22,54.17,9.01,62.16,142,-124,22,65,0,0,0,-41
3130,102.61,-147.95,45.34,10.57,56.72,143,-117,26,77,0,0,0,-41
3131,121.97,-154.93,32.96,16.57,63.9,144,-123,41,60,0,0,0,-42
3132,125.02,-162.94,37.92,16.21,70.51,149,-134,41,47,0,0,0,-41
3133,107.71,-160.24,52.52,10.18,64.75,149,-132,26,62,0,0,0,-42
3134,144.97,-183.41,38.44,18.52,90,153,-145,48,0,0,0,0,-47
3135,167.31,-177.33,10.02,27.1,90,156,-138,71,0,0,0,0,-42
3136,189.39,-189.44,0.05,29.97,90,158,-136,78,0,0,0,0,-41
3137,188.16,-185.5,-2.66,30.69,90,161,-138,82,0,0,0,0,-43
3138,206.62,-190.12,-16.5,34.11,90,162,-134,90,0,0,0,0,-42
3139,206.25,-176.46,-29.78,37.66,90,163,-129,99,0,0,0,0,-42
3140,221.56,-178.43,-43.13,40.57,90,166,-126,107,0,0,0,0,-45
3141,217.3,-143.9,-73.4,49.38,90,170,-110,129,0,0,0,0,-46
3142,223.5,-145,-78.5,50.25,90,170,-108,130,0,0,0,0,-46
3143,224.71,-129,-95.71,55.1,90,177,-101,145,0,0,0,0,-47
3144,214.27,-95.14,-119.12,63.68,90,182,-80,163,0,0,0,0,-50
3145,210.27,-73.9,-136.37,69.72,90,186,-64,174,0,0,0,0,-52
3146,202,-38.82,-163.18,79.55,90,188,-34,184,0,0,0,0,-52
3147,196.03,-21.71,-174.31,84.19,90,193,-19,192,0,0,0,0,-50
3148,194.72,-5.9,-188.82,88.46,90,192,-5,191,0,0,0,0,-47
3149,196.69,1.9,-198.6,89.51,-90,193,1,192,0,0,0,0,-46
3150,179.1,3.54,-182.65,89.01,-90,191,3,190,0,0,0,0,-47
3151,179.51,1.6,-181.12,89.54,-90,191,1,190,0,0,0,0,-47
3152,190.18,4.67,-194.85,88.78,-90,189,4,188,0,0,0,0,-50
3153,174.81,6.4,-181.22,88.2,-90,189,5,188,0,0,0,0,-53
3154,160.71,19.69,-180.4,84.28,-90,187,18,186,0,0,0,0,-53
3155,168.25,32.63,-200.89,81.28,-90,185,28,182,0,0,0,0,-51
3156,139.41,55.39,-194.81,73.97,-90,185,51,177,0,0,0,0,-52
3157,143.24,64.83,-208.07,72.26,-90,187,56,178,0,0,0,0,-48
3158,141.48,68.06,-209.55,71.42,-90,184,58,174,0,0,0,0,-50
3159,135.53,82.2,-217.73,68.03,-90,182,68,168,0,0,0,0,-52
3160,124.73,97.1,-221.83,64.1,-90,181,79,162,0,0,0,0,-47
3161,114.02,115.46,-229.48,59.78,-90,177,89,152,0,0,0,0,-47
3162,105.61,139.62,-245.23,55.41,-90,173,98,142,0,0,0,0,-47
3163,107.54,138.59,-246.13,55.82,-90,171,96,141,0,0,0,0,-46
3164,91.22,143.82,-235.04,52.62,-90,165,100,131,0,0,0,0,-45
3165,61.26,170.94,-232.2,44.73,-90,161,114,113,0,0,0,0,-45
3166,44.09,177.08,-221.17,40.84,-90,164,124,107,0,0,0,0,-45
3167,26.39,186.09,-212.48,36.53,-90,162,130,96,0,0,0,0,-41
3168,-1.79,210.78,-208.99,29.56,-90,161,140,79,0,0,0,0,-42
3169,-3.59,190.99,-187.39,29.04,-90,162,141,78,0,0,0,0,-41
3170,-4.3,182.25,-177.95,28.8,-90,162,141,78,0,0,0,0,-40
3171,-41.88,200.25,-158.36,18.55,-90,163,154,51,0,0,0,0,-42
3172,-9.9,192.39,-182.48,27.37,-90,163,144,74,0,0,0,0,-38
3173,-20.44,192.28,-171.84,24.43,-90,158,143,65,0,0,0,0,-41
3174,-22.09,178.27,-156.17,23.46,-90,158,144,62,0,0,0,0,-42
3175,-48.93,184.26,-135.32,15.13,-90,156,150,40,0,0,0,0,-42
3176,-56.44,181.18,-124.73,12.26,-90,154,150,32,0,0,0,0,-43
3177,-63.4,154.11,-90.7,5.01,-59.25,156,133,13,79,0,0,0,-41
3178,-95.39,151.89,-56.5,-7.15,-58.25,153,129,-19,79,0,0,0,-40
3179,-103.16,124.42,-21.26,-15.21,-45.75,151,104,-39,101,0,0,0,-41
3180,-117.68,118.46,-0.78,-22.01,-45.22,153,100,-57,99,0,0,0,-41
3181,-117.3,117.28,0.02,-22.09,-44.68,151,98,-56,99,0,0,0,-41
3183,-128.95,93.29,35.65,-31.85,-37.6,154,79,-81,103,0,0,0,-42
3184,-144.47,94.39,50.07,-38.6,-42.14,151,79,-94,87,0,0,0,-42
3185,-154.99,77.3,77.68,-48.26,-40.17,149,63,-111,75,0,0,0,-45
3186,-163.35,70.64,92.7,-55.2,-43.46,146,57,-119,60,0,0,0,-45
3187,-162.39,65.73,96.65,-56.18,-41.01,147,53,-122,61,0,0,0,-42
3188,-170.59,59.88,110.71,-64.45,-50.5,146,48,-131,40,0,0,0,-42
3189,-169.11,47.67,121.43,-68.72,-46.9,147,38,-136,36,0,0,0,-41
3190,-158.41,33.34,125.07,-65.4,-26.42,148,27,-134,55,0,0,0,-38
3191,-165.99,18.92,147.07,-84.01,-90,152,15,-151,0,0,0,0,-38
3192,-152.04,-3.08,155.12,-80.13,5.75,151,-2,-148,25,0,0,0,-37
3193,-143.58,-18.68,162.26,-78.81,32.36,150,-15,-147,24,0,0,0,-40
3195,-133.6,-30.67,164.28,-72.83,35.27,150,-25,-143,36,0,0,0,-38
3196,-117.64,-54.33,171.98,-68.27,54.64,150,-45,-139,32,0,0,0,-40
3197,-100.08,-60.46,160.55,-56.71,37.73,148,-49,-123,64,0,0,0,-40
3198,-88.25,-69.07,157.33,-51.96,38.52,151,-57,-118,72,0,0,0,-41
3199,-56.55,-70.68,127.23,-36.11,29.07,147,-57,-86,103,0,0,0,-45
3200,-34.93,-79.81,114.75,-28.68,30.35,147,-65,-70,111,0,0,0,-46
3201,-8.13,-84.09,92.23,-18.77,29.55,150,-70,-48,123,0,0,0,-46
3202,34.83,-118.43,83.59,-8.98,41.76,154,-101,-24,113,0,0,0,-46
3203,35.09,-120.89,85.8,-9.35,42.89,156,-104,-25,112,0,0,0,-42
3204,43.79,-132.32,88.53,-8.25,47.96,158,-116,-22,104,0,0,0,-42
3205,34.19,-136.72,102.53,-12.65,51.11,158,-119,-34,96,0,0,0,-42
3206,76.81,-154.92,78.1,0,59.38,158,-135,0,80,0,0,0,-45
3207,85.77,-147.81,62.04,4.35,55.43,160,-131,12,90,0,0,0,-46
3208,113.48,-160.05,46.57,12.38,65.55,158,-140,33,63,0,0,0,-41
3209,117.07,-150.11,33.04,15.62,60,159,-132,42,76,0,0,0,-42
3210,130.51,-160.99,30.48,18.7,70.78,160,-143,51,49,0,0,0,-41
3211,111.93,-151.13,39.2,13.48,59.69,158,-132,36,77,0,0,0,-43
3212,108.68,-156.8,48.11,11.19,62.61,160,-139,31,72,0,0,0,-46
3213,141.03,-171.49,30.46,20.4,90,162,-151,56,0,0,0,0,-46
3216,197.63,-198.96,1.33,29.65,90,159,-138,78,0,0,0,0,-41
3217,208.13,-192.62,-15.51,33.82,90,159,-132,88,0,0,0,0,-41
3218,203.99,-173.54,-30.44,37.94,90,159,-125,97,0,0,0,0,-42
3219,216.36,-177.21,-39.15,39.76,90,160,-122,102,0,0,0,0,-41
3220,213.79,-147.46,-66.33,47.63,90,163,-109,120,0,0,0,0,-48
3221,214.89,-135.93,-78.96,51.28,90,168,-105,131,0,0,0,0,-48
3222,221.5,-118.97,-102.53,57.53,90,168,-90,141,0,0,0,0,-48
3223,219.9,-114.12,-105.78,58.73,90,166,-86,141,0,0,0,0,-47
3224,225.12,-103.94,-121.17,62.51,90,169,-78,149,0,0,0,0,-52
3225,208.28,-51.07,-157.2,76.38,90,172,-40,167,0,0,0,0,-51
3226,184.7,-18.69,-166,84.71,90,172,-15,171,0,0,0,0,-48
3227,184.19,-0.31,-183.88,89.9,90,181,0,180,0,0,0,0,-47
3230,184,-9.32,-174.68,87.41,90,180,-8,179,0,0,0,0,-47
3231,180.47,-0.19,-180.27,89.93,90,170,0,169,0,0,0,0,-47
3232,168.65,12.98,-181.63,86.31,-90,174,11,173,0,0,0,0,-48
3233,154.46,31.03,-185.5,81,-90,162,25,160,0,0,0,0,-52
3234,139.96,55.89,-195.85,73.9,-90,162,44,155,0,0,0,0,-53
3235,155.55,52.66,-208.21,75.91,-90,163,39,158,0,0,0,0,-49
3236,137.86,74.72,-212.58,69.72,-90,164,56,153,0,0,0,0,-47
3237,126.22,98.9,-225.12,64,-90,164,71,147,0,0,0,0,-47
3238,119.48,108.27,-227.75,61.61,-90,162,77,142,0,0,0,0,-47
3239,110.25,129.98,-240.24,57.27,-90,162,87,136,0,0,0,0,-47
3241,83.61,159.17,-242.78,49.8,-90,160,103,122,0,0,0,0,-47
3242,74.78,159.71,-234.5,48.17,-90,157,104,116,0,0,0,0,-47
3243,46.36,172.46,-218.83,41.58,-90,156,116,103,0,0,0,0,-46
3244,32.11,180.91,-213.02,38.02,-90,151,118,93,0,0,0,0,-42
3245,10.55,193.02,-203.57,32.62,-90,147,123,79,0,0,0,0,-41
3246,-11.66,204.01,-192.35,27.07,-90,146,130,66,0,0,0,0,-38
3247,-9.68,198.34,-188.65,27.5,-90,141,125,65,0,0,0,0,-38
3248,4.4,166.35,-170.75,31.28,-90,141,120,73,0,0,0,0,-38
3249,-8.84,173.83,-164.98,27.4,-90,141,125,64,0,0,0,0,-37
3250,-27.71,193.78,-166.06,22.39,-90,137,126,52,0,0,0,0,-40
3251,-40.37,187.92,-147.55,18.21,-90,135,128,42,0,0,0,0,-37
3252,-50.67,184.82,-134.14,14.6,-90,133,128,33,0,0,0,0,-41
3253,-56.11,167.66,-111.55,10.23,-71.17,132,122,23,41,0,0,0,-39
3254,-83.99,129.93,-45.93,-7,-46.64,131,94,-15,89,0,0,0,-37
3255,-100.07,144.59,-44.51,-10.25,-54.71,126,101,-22,71,0,0,0,-38
3256,-121.37,115.83,5.54,-24.01,-44.78,123,79,-50,79,0,0,0,-37
3257,-129.49,103.54,25.94,-29.89,-41.56,123,70,-61,79,0,0,0,-40
3258,-141.34,97.96,43.37,-36.32,-42.5,121,65,-71,71,0,0,0,-42
3259,-149.76,87.01,62.75,-42.96,-41.34,125,60,-85,68,0,0,0,-45
3260,-154.65,80.44,74.21,-47.22,-41.14,126,56,-92,64,0,0,0,-42
3261,-167.15,73.67,93.47,-56.7,-48.22,130,53,-108,47,0,0,0,-42
3262,-165.82,64.44,101.37,-58.97,-44,127,45,-108,47,0,0,0,-42
3263,-165.42,56,109.42,-61.82,-41.22,130,40,-114,46,0,0,0,-38
3264,-161.87,38.83,123.04,-66.03,-32.09,132,28,-120,45,0,0,0,-37
3265,-158.98,18.37,140.6,-73.92,-21.64,131,13,-125,33,0,0,0,-38
3266,-154.75,3.99,150.75,-78.48,-6.38,130,2,-127,25,0,0,0,-36
3267,-151.34,-23.01,174.35,-83.01,90,130,-15,-129,0,0,0,0,-37
3268,-140.93,-31.53,172.46,-80.1,90,131,-22,-129,0,0,0,0,-37
3269,-133.69,-37.05,170.74,-77.54,72.76,135,-27,-131,8,0,0,0,-37
3270,-119.41,-52.65,172.07,-69.21,55.53,137,-40,-128,27,0,0,0,-39
3271,-103.25,-56.58,159.84,-57.54,35.86,140,-44,-118,60,0,0,0,-41
3272,-83.33,-61.48,144.81,-47.02,30.07,146,-49,-106,86,0,0,0,-41
3273,-48.57,-82.02,130.6,-35.06,33.82,148,-67,-85,100,0,0,0,-42
3274,-43.15,-73.86,117.02,-30.9,28.56,151,-61,-77,113,0,0,0,-42
3275,-16.07,-89.13,105.21,-22.88,32.5,157,-77,-61,121,0,0,0,-42
3276,4.89,-103.24,98.35,-17.43,36.94,154,-88,-46,117,0,0,0,-46
3277,35.77,-113.42,77.64,-7.7,39.47,161,-101,-21,123,0,0,0,-46
3278,44.61,-127.81,83.19,-7.09,45.68,165,-117,-20,114,0,0,0,-47
3279,51.96,-146,94.04,-7.75,54.94,168,-136,-22,95,0,0,0,-41
3280,44.52,-142.18,97.66,-9.8,53.27,169,-133,-28,99,0,0,0,-46
3281,77.92,-160.65,82.72,0,63.19,178,-158,0,80,0,0,0,-46
3282,77.74,-154.81,77.07,0,59.31,185,-159,0,94,0,0,0,-46
3283,89.94,-160.42,70.47,3.57,63.25,190,-169,11,85,0,0,0,-47
3284,109.21,-167.33,58.11,9.42,70.44,202,-187,33,66,0,0,0,-46
3285,78.7,-151.21,72.5,1.12,57.15,209,-175,4,113,0,0,0,-47
3286,91.92,-152.69,60.76,5.72,58.48,218,-184,21,113,0,0,0,-47
3287,96.44,-148.27,51.83,8.21,56.32,229,-188,32,125,0,0,0,-46
3288,108.11,-153.35,45.24,11.62,60.43,239,-203,48,115,0,0,0,-47
3289,92.18,-155.07,62.88,5.38,59.91,249,-214,23,124,0,0,0,-47
3290,112.95,-165.41,52.46,11.17,69.5,259,-238,50,88,0,0,0,-47
3291,121.46,-177.78,56.31,11.93,90,270,-264,55,0,0,0,0,-47
3292,106.22,-163,56.77,9.11,66.5,279,-252,44,109,0,0,0,-50
3293,112.04,-157.82,45.77,12.26,63.79,294,-257,62,126,0,0,0,-50
3294,120.52,-172.76,52.23,12.64,79.62,306,-293,66,53,0,0,0,-48
3295,127.55,-177.66,50.11,14.11,90,319,-309,77,0,0,0,0,-51
3296,103.7,-169.42,65.72,6.98,71.48,330,-310,40,104,0,0,0,-52
3297,112.44,-164,51.56,11.25,68.27,337,-307,65,122,0,0,0,-53
3298,80.04,-157.62,77.58,0,61.12,351,-307,0,169,0,0,0,-52
3299,103.23,-168.34,65.11,7.01,70.43,362,-338,44,120,0,0,0,-53
3300,105.65,-167.93,62.28,7.98,70.4,372,-347,51,123,0,0,0,-52
3301,85.64,-156.98,71.33,2.62,60.8,386,-336,17,188,0,0,0,-52
3302,82.32,-158.2,75.88,1.17,61.52,396,-348,8,188,0,0,0,-52
3303,101.57,-166.03,64.46,6.82,68.27,408,-376,48,149,0,0,0,-53
3304,115.69,-177.79,62.1,9.86,90,419,-412,71,0,0,0,0,-53
3305,111.12,-174.74,63.61,8.75,79.18,431,-418,65,79,0,0,0,-53
3306,106.97,-163.14,56.16,9.37,66.71,442,-400,71,172,0,0,0,-55
3307,98.28,-158.65,60.36,6.97,62.61,456,-401,55,208,0,0,0,-53
3308,88.21,-156.44,68.23,3.66,60.55,465,-404,29,228,0,0,0,-55
3309,87.17,-160.85,73.67,2.47,63.42,478,-427,20,213,0,0,0,-56
3310,81.39,-159.24,77.84,0,62.2,489,-432,0,228,0,0,0,-56
3311,117.66,-170.55,52.88,11.98,75.61,497,-470,103,120,0,0,0,-55
3312,104.85,-166.43,61.57,7.96,69,511,-472,70,181,0,0,0,-56
3313,120.47,-171.64,51.16,12.83,77.96,521,-496,115,105,0,0,0,-56
3314,76.09,-158.38,82.28,-1.12,61.64,535,-470,-10,254,0,0,0,-54
3315,121.1,-177.33,56.22,11.91,90,545,-533,112,0,0,0,0,-54
3316,75.62,-157.56,81.93,-1.15,61.09,555,-485,-11,268,0,0,0,-57
3317,106.25,-175.11,68.86,6.87,78.5,568,-552,67,112,0,0,0,-54
3318,87.7,-151.81,64.1,4.33,57.75,578,-487,43,307,0,0,0,-56
3319,95.04,-157.02,61.97,6.07,61.3,586,-511,61,279,0,0,0,-59
3320,90.9,-154.04,63.14,5.09,59.21,601,-514,53,306,0,0,0,-56
3321,89.27,-162.87,73.6,2.87,64.95,612,-553,30,258,0,0,0,-59
3322,112.06,-170.92,58.86,9.81,74.5,619,-587,105,163,0,0,0,-57
3323,80.93,-156.86,75.92,0,60.63,634,-552,0,310,0,0,0,-57
3324,-105.58,36.09,69.48,-34.15,-14.01,643,128,-360,516,0,0,0,-55
3325,52.83,-146.66,93.83,-7.54,55.27,651,-530,-85,367,0,0,0,-56
3326,-160.62,54.92,105.69,-58.66,-35.92,659,201,-562,277,0,0,0,-58
3327,-171.59,111.64,59.94,-47.94,-67.83,667,413,-495,168,0,0,0,-60
3328,-180.71,69.9,110.81,-67.43,-90,682,261,-629,0,0,0,0,-59
3329,-271.55,201.27,70.27,-44.42,-90,688,491,-481,0,0,0,0,-60
3330,-154.24,95.98,58.25,-42.95,-46.77,693,369,-472,347,0,0,0,-59
3331,-276.45,204.32,72.13,-44.55,-90,706,503,-495,0,0,0,0,-61
3332,-251.72,196.07,55.64,-42.13,-90,711,527,-476,0,0,0,0,-58
3333,-238.87,198.31,40.56,-39.11,-90,719,557,-453,0,0,0,0,-60
3334,-271.76,206.71,65.05,-43.25,-90,733,533,-502,0,0,0,0,-59
3335,75.26,-151.66,76.39,0,57.4,739,-622,0,398,0,0,0,-57
3336,115.93,-174.21,58.28,10.64,80,747,-723,137,127,0,0,0,-57
3339,84.08,-163.94,79.85,0,65.61,760,-692,0,313,0,0,0,-58
3340,111.63,-174.78,63.15,8.93,79.4,758,-736,117,137,0,0,0,-56
3341,118.64,-176.05,57.4,11.31,85.93,755,-738,148,52,0,0,0,-56
3342,84.38,-157.54,73.16,2.05,61.13,749,-655,26,361,0,0,0,-57
3343,94.09,-167.22,73.13,3.84,68.6,742,-689,49,270,0,0,0,-57
3344,98.27,-165.55,67.27,5.69,67.55,733,-674,72,278,0,0,0,-59
3345,91,-162.77,71.77,3.52,64.95,723,-653,44,305,0,0,0,-59
3346,97.09,-170.5,73.41,4.34,71.79,709,-671,53,220,0,0,0,-59
3347,22.69,-94.73,72.04,-9.09,32.19,697,-366,-110,582,0,0,0,-58
3349,133.12,-196.99,63.86,11.46,90,680,-666,135,0,0,0,0,-58
3350,90.1,-159.16,69.05,3.86,62.39,668,-590,44,308,0,0,0,-58
3351,117.96,-178.44,60.48,10.52,90,655,-643,119,0,0,0,0,-56
3352,82.92,-156.25,73.33,1.75,60.27,643,-558,19,318,0,0,0,-58
3353,109.63,-178.63,68.99,7.47,90,634,-628,82,0,0,0,0,-58
3354,92.52,-163.97,71.45,3.86,65.92,620,-564,41,252,0,0,0,-56
3355,116.82,-179.31,62.49,9.91,90,608,-598,104,0,0,0,0,-56
3356,80.63,-160.3,79.66,0,62.93,593,-528,0,269,0,0,0,-57
3357,74.53,-156.88,82.35,-1.42,60.66,577,-502,-14,282,0,0,0,-58
3359,97.52,-174.62,77.1,3.75,76.45,554,-537,36,129,0,0,0,-54
3360,107.22,-173.85,66.63,7.46,76.93,539,-520,69,120,0,0,0,-54
3361,81.56,-162.11,80.54,0,64.23,526,-473,0,228,0,0,0,-56
3362,101.98,-167.73,65.75,6.66,69.75,505,-470,58,173,0,0,0,-54
3363,105.87,-176.51,70.63,6.47,80.73,495,-485,55,79,0,0,0,-53
3364,94.78,-169.05,74.27,3.76,70.25,481,-451,31,162,0,0,0,-54
3365,102.74,-174.66,71.92,5.66,77.18,470,-456,46,103,0,0,0,-52
3366,108.35,-175.96,67.6,7.5,80.4,455,-444,59,75,0,0,0,-53
3367,89.34,-164.79,75.44,2.54,66.39,439,-401,19,175,0,0,0,-55
3368,81.43,-159.03,77.6,0,62.07,425,-375,0,199,0,0,0,-53
3369,103.62,-172.25,68.63,6.43,74.37,409,-391,45,109,0,0,0,-52
3370,88.63,-159.7,71.06,3.21,62.69,398,-353,22,182,0,0,0,-53
3371,111.75,-174.59,62.83,9.01,79.14,384,-372,60,71,0,0,0,-52
3372,92,-158.41,66.41,4.69,62,368,-323,30,172,0,0,0,-51
3373,90.55,-161,70.44,3.68,63.66,353,-315,22,156,0,0,0,-51
3374,96.82,-155.68,58.86,6.98,60.61,340,-294,41,165,0,0,0,-51
3375,104.25,-168.43,64.17,7.37,70.65,325,-304,41,106,0,0,0,-50
3376,111.62,-169.56,57.94,9.9,73,308,-290,52,88,0,0,0,-50
3377,121.32,-166.68,45.35,14.09,72.7,295,-273,71,85,0,0,0,-49
3379,134.88,-176.32,41.43,17,90,276,-263,80,0,0,0,0,-47
3380,109.94,-159.16,49.21,11.22,64.34,265,-234,51,112,0,0,0,-48
3381,111.61,-149.51,37.89,13.66,58.73,253,-210,59,127,0,0,0,-46
3382,105.24,-152.22,46.98,10.75,59.4,238,-201,44,119,0,0,0,-47
3383,131.52,-177.49,45.97,15.54,90,221,-212,59,0,0,0,0,-49
3384,133.6,-164.89,31.28,19.14,75.86,208,-190,68,48,0,0,0,-47
3385,164.09,-185.52,21.42,23.93,90,195,-178,79,0,0,0,0,-48
3386,182.82,-180.57,-2.25,30.6,90,186,-160,94,0,0,0,0,-45
3387,187.98,-182.74,-5.24,31.39,90,178,-151,92,0,0,0,0,-42
3388,200.82,-193.67,-7.14,31.78,90,174,-147,91,0,0,0,0,-41
3389,208.44,-192.83,-15.61,33.84,90,167,-138,92,0,0,0,0,-41
3390,207.31,-166.72,-40.58,40.63,90,164,-124,106,0,0,0,0,-42
3391,219.4,-167.29,-52.1,43.12,90,159,-116,108,0,0,0,0,-45
3393,229.43,-126.23,-103.2,56.67,90,156,-85,130,0,0,0,0,-47
3394,210.04,-69.44,-140.59,71.05,90,153,-49,144,0,0,0,0,-50
3395,187.46,-30.43,-157.03,81.29,90,160,-24,158,0,0,0,0,-51
3396,187.43,-4.59,-182.83,88.75,90,155,-3,154,0,0,0,0,-47
3397,183.45,10.72,-194.17,87.17,-90,152,7,151,0,0,0,0,-47
3398,191.73,-5.09,-186.63,88.65,90,153,-3,152,0,0,0,0,-46
3399,195.14,-1.65,-193.49,89.56,90,153,-1,152,0,0,0,0,-46
3400,185.4,-8.07,-177.32,87.78,90,156,-6,155,0,0,0,0,-46
3401,179.05,-3.78,-175.26,88.92,90,150,-2,149,0,0,0,0,-46
3402,177.22,-11.74,-165.48,86.59,90,146,-8,145,0,0,0,0,-46
3403,170.5,-10.44,-160.05,86.85,90,144,-7,143,0,0,0,0,-47
3404,177.79,-13.72,-164.07,86.01,90,144,-10,143,0,0,0,0,-47
3405,167.23,5.13,-172.36,88.5,-90,143,3,142,0,0,0,0,-48
3406,160.68,-4.01,-156.66,88.73,90,143,-3,142,0,0,0,0,-52
3407,162.55,3.57,-166.13,88.9,-90,142,2,141,0,0,0,0,-52
3408,157.07,5.52,-162.59,88.27,-90,143,4,142,0,0,0,0,-51
3409,165.33,9.51,-174.85,87.21,-90,143,6,142,0,0,0,0,-53
3410,159.36,14.6,-173.96,85.65,-90,143,10,142,0,0,0,0,-51
3411,156.79,20.05,-176.84,84.04,-90,140,14,139,0,0,0,0,-50
3412,149.15,21.01,-170.16,83.48,-90,141,16,140,0,0,0,0,-48
