426,71.43,126.26,-197.69,50.89,-90,145,91,112,0,0,0,0,-47
427,61.74,112.27,-174.01,49.11,-72.4,145,90,109,28,0,0,0,-46
428,71.65,113.85,-185.5,52.5,-90,146,88,115,0,0,0,0,-46
429,62.74,141.85,-204.6,47.4,-90,145,98,106,0,0,0,0,-46
430,68.23,129.78,-198.02,49.81,-90,147,94,112,0,0,0,0,-47
431,77.06,128.53,-205.6,51.76,-90,144,89,113,0,0,0,0,-47
432,55.3,128.76,-184.07,47.01,-90,146,99,106,0,0,0,0,-46
433,65.61,125.73,-191.34,49.7,-90,146,94,111,0,0,0,0,-47
434,66.24,145.23,-211.47,47.82,-90,145,97,107,0,0,0,0,-47
435,75.15,122.52,-197.67,52.11,-90,144,88,113,0,0,0,0,-47
436,71.72,118.71,-190.44,51.88,-90,144,88,113,0,0,0,0,-46
437,67.99,120.45,-188.44,50.85,-90,143,90,110,0,0,0,0,-47
438,57.77,136.49,-194.26,46.82,-90,147,100,107,0,0,0,0,-47
439,73.84,119.2,-193.05,52.26,-90,146,89,115,0,0,0,0,-46
440,63.14,125.99,-189.14,49.13,-90,144,94,108,0,0,0,0,-47
441,63.65,135.05,-198.7,48.27,-90,145,96,108,0,0,0,0,-46
442,60.64,116.63,-177.27,49.65,-90,142,91,108,0,0,0,0,-47
443,73.45,130.66,-204.11,50.79,-90,146,92,113,0,0,0,0,-47
444,75.97,133.63,-209.6,50.96,-90,145,91,112,0,0,0,0,-46
445,63.48,125.43,-188.91,49.26,-90,143,93,108,0,0,0,0,-47
446,73.68,117.59,-191.27,52.44,-90,142,86,112,0,0,0,0,-46
447,60.91,132.6,-193.51,47.91,-90,143,95,106,0,0,0,0,-47
449,66.77,130.1,-196.88,49.46,-90,144,93,109,0,0,0,0,-47
450,76.5,126.57,-203.08,51.88,-90,147,90,115,0,0,0,0,-46
451,69.02,123.4,-192.42,50.72,-90,144,91,111,0,0,0,0,-46
452,71.18,129.73,-200.91,50.43,-90,143,91,110,0,0,0,0,-47
453,80.23,116.74,-196.97,53.88,-90,144,84,116,0,0,0,0,-46
454,67.89,143.98,-211.88,48.27,-90,145,96,108,0,0,0,0,-48
455,70.1,139.61,-209.72,49.15,-90,145,94,109,0,0,0,0,-48
457,69.03,120.27,-189.31,51.1,-90,144,90,112,0,0,0,0,-46
458,72.04,134.5,-206.55,50.08,-90,147,94,112,0,0,0,0,-48
459,73.01,121.35,-194.37,51.81,-90,146,90,114,0,0,0,0,-47
460,75.11,121.23,-196.34,52.26,-90,146,89,115,0,0,0,0,-47
461,60.33,127.85,-188.19,48.28,-90,144,95,107,0,0,0,0,-47
462,58.68,143.81,-202.49,46.34,-90,145,100,104,0,0,0,0,-47
463,72.07,116.25,-188.33,52.27,-90,146,89,115,0,0,0,0,-47
464,75.22,106.14,-181.36,54.36,-90,145,84,117,0,0,0,0,-46
465,69.44,133.98,-203.42,49.61,-90,146,94,111,0,0,0,0,-46
466,72.19,136.07,-208.27,49.94,-90,145,93,110,0,0,0,0,-46
467,71.88,111.39,-183.27,52.89,-90,145,87,115,0,0,0,0,-48
469,76.25,115.22,-191.48,53.28,-90,146,87,117,0,0,0,0,-47
470,51.9,128.76,-180.67,46.19,-90,144,99,103,0,0,0,0,-47
471,62.41,130.26,-192.68,48.5,-90,145,96,108,0,0,0,0,-47
472,59.1,134.75,-193.86,47.29,-90,146,99,107,0,0,0,0,-47
473,60.92,138.99,-199.91,47.28,-90,144,97,105,0,0,0,0,-46
474,70.7,125.16,-195.86,50.86,-90,144,90,111,0,0,0,0,-47
475,72.82,135.75,-208.57,50.1,-90,146,93,112,0,0,0,0,-47
476,61.84,113.55,-175.39,49.53,-76.46,145,91,110,22,0,0,0,-47
477,64.48,141.8,-206.28,47.77,-90,146,98,108,0,0,0,0,-47
478,65.07,130.77,-195.84,49.02,-90,146,95,110,0,0,0,0,-47
480,76.53,115.33,-191.86,53.32,-90,143,85,114,0,0,0,0,-46
481,77.06,126.99,-204.05,51.94,-90,145,89,114,0,0,0,0,-47
482,72.36,104.89,-177.25,53.18,-76.54,144,83,115,20,0,0,0,-46
483,81.14,126.36,-207.5,52.81,-90,146,88,116,0,0,0,0,-46
484,68.46,122.42,-190.89,50.72,-90,144,91,111,0,0,0,0,-47
485,68.28,120.66,-188.94,50.89,-90,144,90,111,0,0,0,0,-47
486,71.09,121.3,-192.4,51.42,-90,146,91,114,0,0,0,0,-46
487,77.37,123.92,-201.29,52.38,-90,146,89,115,0,0,0,0,-46
488,64.26,140.47,-204.74,47.86,-90,147,98,109,0,0,0,0,-47
489,61.71,128.05,-189.77,48.58,-90,146,96,109,0,0,0,0,-46
490,63,137.47,-200.47,47.88,-90,145,97,107,0,0,0,0,-47
491,61.68,152.57,-214.26,46.22,-90,146,101,105,0,0,0,0,-48
492,53.39,127.72,-181.12,46.66,-90,145,99,105,0,0,0,0,-47
493,82.94,123.88,-206.83,53.47,-90,144,85,115,0,0,0,0,-47
494,71.17,118.87,-190.04,51.75,-90,144,89,113,0,0,0,0,-47
495,77.39,124.53,-201.93,52.31,-90,145,88,114,0,0,0,0,-46
496,62.87,135.46,-198.34,48.05,-90,145,96,107,0,0,0,0,-47
497,58.98,137.15,-196.13,47.03,-90,143,97,104,0,0,0,0,-47
498,65.99,117.9,-183.89,50.73,-90,144,91,111,0,0,0,0,-46
499,76.88,123.43,-200.32,52.34,-90,146,89,115,0,0,0,0,-46
500,67.8,113.32,-181.12,51.73,-90,146,90,114,0,0,0,0,-47
501,69.36,114.09,-183.46,51.97,-90,143,88,112,0,0,0,0,-47
502,79.47,127.82,-207.3,52.31,-90,146,89,115,0,0,0,0,-47
503,71.08,117.69,-188.78,51.87,-90,147,90,115,0,0,0,0,-46
504,68.68,135.73,-204.42,49.26,-90,146,95,110,0,0,0,0,-47
505,77.66,117.81,-195.47,53.22,-90,146,87,116,0,0,0,0,-46
506,71.96,120.74,-192.7,51.67,-90,144,89,112,0,0,0,0,-46
507,53.59,124.28,-177.88,47.06,-90,145,98,106,0,0,0,0,-47
508,70.68,123.92,-194.61,51.01,-90,145,91,112,0,0,0,0,-47
509,79.41,131.62,-211.03,51.86,-90,146,90,114,0,0,0,0,-47
510,70.62,144.99,-215.62,48.72,-90,145,95,108,0,0,0,0,-48
513,63.7,117.59,-181.29,50.25,-90,145,92,111,0,0,0,0,-48
514,58.97,132.91,-191.89,47.44,-90,144,97,106,0,0,0,0,-51
515,63.1,146.27,-209.38,47.07,-90,145,98,106,0,0,0,0,-53
516,73.95,101.26,-175.21,53.04,-69.38,145,81,115,30,0,0,0,-47
517,85.98,104.84,-190.83,56.72,-90,144,79,120,0,0,0,0,-46
518,68.05,118.4,-186.45,51.12,-90,141,88,109,0,0,0,0,-47
519,63.28,95.36,-158.64,45.37,-48.95,138,73,98,63,0,0,0,-52
520,63.69,146.14,-209.83,47.2,-90,137,93,100,0,0,0,0,-48
521,68.17,135.42,-203.6,49.19,-90,130,84,98,0,0,0,0,-47
522,86.62,126.23,-212.86,53.85,-90,121,71,97,0,0,0,0,-46
523,80.86,129.72,-210.59,52.35,-90,117,71,92,0,0,0,0,-42
524,96.37,129.32,-225.69,55.17,-90,112,63,91,0,0,0,0,-41
525,99.83,125.63,-225.47,56.21,-90,107,59,88,0,0,0,0,-42
526,121.39,112.31,-233.7,61.27,-90,106,50,92,0,0,0,0,-47
527,136.94,94.87,-231.82,65.97,-90,104,42,94,0,0,0,0,-52
528,112.32,116.2,-228.53,59.42,-90,103,52,88,0,0,0,0,-53
529,123.7,100.33,-224.04,63.43,-90,106,47,94,0,0,0,0,-48
530,123.35,100.39,-223.74,63.38,-90,105,47,93,0,0,0,0,-47
531,135.31,107.28,-242.59,63.8,-90,107,47,96,0,0,0,0,-47
532,128.85,108.93,-237.78,62.75,-90,107,48,95,0,0,0,0,-42
533,124.84,101.77,-226.62,63.35,-90,107,47,95,0,0,0,0,-40
534,139.69,90.23,-229.93,67.06,-90,110,42,101,0,0,0,0,-40
535,122.35,90.64,-213,64.9,-90,110,46,99,0,0,0,0,-42
536,145.96,68.52,-214.49,71.76,-90,112,35,106,0,0,0,0,-45
537,143.55,56.08,-199.63,74.18,-90,115,31,110,0,0,0,0,-46
538,156.93,45.46,-202.39,77.62,-90,117,25,114,0,0,0,0,-50
539,183.62,25.11,-208.74,83.66,-90,120,13,119,0,0,0,0,-52
540,179.97,14.05,-194.02,86.26,-90,126,8,125,0,0,0,0,-54
541,184.32,5.85,-190.18,88.43,-90,132,3,131,0,0,0,0,-54
542,183,3.8,-186.81,88.96,-90,137,2,136,0,0,0,0,-57
543,186.5,19.87,-206.37,84.98,-90,145,12,144,0,0,0,0,-55
544,190.99,14.1,-205.1,86.45,-90,151,9,150,0,0,0,0,-53
545,192.93,7.28,-200.22,88.15,-90,161,5,160,0,0,0,0,-52
546,203.91,9.22,-213.14,87.79,-90,167,6,166,0,0,0,0,-53
547,196.26,15.17,-211.44,86.3,-90,171,11,170,0,0,0,0,-53
548,202.64,30.34,-232.98,83.11,-90,174,20,172,0,0,0,0,-53
550,180.17,-2.54,-177.63,89.28,90,180,-2,179,0,0,0,0,-53
551,182.8,-15.37,-167.42,85.64,90,182,-13,181,0,0,0,0,-53
552,169.55,-13.54,-156,85.86,90,185,-13,184,0,0,0,0,-54
553,153.15,-14.62,-138.53,69.31,13.29,190,-15,177,65,0,0,0,-52
554,153.96,-3.44,-150.51,77.57,5.1,193,-3,188,41,0,0,0,-52
555,154.69,3.19,-157.88,88.97,-90,191,3,190,0,0,0,0,-53
556,149.38,16.18,-165.57,84.9,-90,194,17,193,0,0,0,0,-52
557,159.37,17.32,-176.69,84.88,-90,194,17,193,0,0,0,0,-50
558,147.28,9.64,-156.92,77.34,-14.15,192,10,187,40,0,0,0,-52
559,163.45,14.57,-178.03,85.76,-90,193,14,192,0,0,0,0,-51
560,159.56,14.12,-173.68,85.79,-90,192,14,191,0,0,0,0,-50
561,160.67,5.29,-165.97,88.38,-90,191,5,190,0,0,0,0,-50
562,154.42,3.38,-157.8,88.91,-90,189,3,188,0,0,0,0,-52
563,168.82,2.28,-171.1,89.32,-90,190,2,189,0,0,0,0,-47
564,159.16,-1.58,-157.58,89.5,90,190,-1,189,0,0,0,0,-47
565,166.48,-8.92,-157.56,87.25,90,186,-8,185,0,0,0,0,-47
566,184.68,-24.82,-159.85,82.87,90,185,-22,183,0,0,0,0,-46
567,161.7,-25.17,-136.52,73.04,28.65,182,-25,174,46,0,0,0,-46
568,190.73,-25.48,-165.25,82.92,90,176,-21,174,0,0,0,0,-42
569,183.83,-20.58,-163.24,84.12,90,177,-18,176,0,0,0,0,-46
570,180.47,-14.57,-165.89,85.82,90,176,-12,175,0,0,0,0,-42
571,194.11,-13.15,-180.96,86.51,90,172,-10,171,0,0,0,0,-45
572,192.04,0.63,-192.67,89.82,-90,174,0,173,0,0,0,0,-46
573,177.45,-15.05,-162.4,85.6,90,181,-13,180,0,0,0,0,-46
574,200.76,11.51,-212.27,87.22,-90,184,8,183,0,0,0,0,-47
575,186.96,-0.96,-186,89.73,90,188,0,187,0,0,0,0,-47
576,191.4,2.41,-193.82,89.36,-90,191,2,190,0,0,0,0,-47
577,192.43,4.84,-197.28,88.75,-90,195,4,194,0,0,0,0,-47
580,200.74,2.26,-203,89.43,-90,205,2,204,0,0,0,0,-46
581,193.47,9.52,-203,87.6,-90,204,8,203,0,0,0,0,-46
582,184.54,17.07,-201.62,85.6,-90,204,15,203,0,0,0,0,-48
583,189.99,8.39,-198.39,87.84,-90,206,7,205,0,0,0,0,-48
584,187.91,-6.95,-180.95,88.12,90,206,-6,205,0,0,0,0,-50
585,190.97,-12.67,-178.3,86.58,90,202,-12,201,0,0,0,0,-52
586,228.38,-85.12,-143.26,68.35,90,203,-74,188,0,0,0,0,-52
587,231.52,-97.43,-134.09,65.21,90,199,-83,180,0,0,0,0,-51
588,241.65,-126.49,-115.15,58.43,90,200,-104,170,0,0,0,0,-47
589,224.93,-148.77,-76.16,49.43,90,202,-131,153,0,0,0,0,-47
590,216.71,-156.69,-60.01,45.54,90,197,-137,140,0,0,0,0,-46
591,218.71,-156.05,-62.66,46.14,90,197,-136,142,0,0,0,0,-42
592,213.44,-173.66,-39.78,40.08,90,197,-150,126,0,0,0,0,-41
593,202.13,-182.08,-20.05,35.15,90,195,-159,112,0,0,0,0,-40
594,201.05,-180.78,-20.26,35.25,90,195,-159,112,0,0,0,0,-40
595,186.22,-163.48,-22.74,36.41,90,193,-155,114,0,0,0,0,-42
596,178.17,-177.05,-1.11,30.3,90,193,-166,97,0,0,0,0,-45
597,149.04,-157.8,8.76,26.73,79,187,-163,84,31,0,0,0,-46
598,104.45,-156.24,51.78,9.71,61.71,183,-158,30,85,0,0,0,-47
599,95.23,-162.12,66.88,5.2,64.73,180,-162,16,76,0,0,0,-47
600,78.45,-156.75,78.29,0,60.54,181,-157,0,89,0,0,0,-46
601,55.31,-142.79,87.47,-5.91,52.88,179,-141,-18,107,0,0,0,-46
602,65.15,-147.18,82.02,-3.09,54.96,175,-143,-9,100,0,0,0,-46
603,42.52,-143.9,101.37,-10.87,54.48,174,-139,-32,99,0,0,0,-45
604,44.27,-143.24,98.97,-10.09,53.92,172,-136,-30,99,0,0,0,-46
605,30.13,-141.32,111.19,-15.05,54.39,173,-135,-44,97,0,0,0,-42
606,4.42,-125.85,121.43,-22.03,48.95,171,-119,-64,104,0,0,0,-41
607,-13.15,-112.18,125.34,-26.36,44.07,173,-107,-76,111,0,0,0,-42
608,-19.09,-111.39,130.48,-28.66,44.84,171,-105,-82,106,0,0,0,-41
609,-65.83,-87.87,153.7,-44.75,43.43,170,-82,-119,87,0,0,0,-41
610,-78.34,-78.29,156.63,-48.9,41.42,166,-72,-125,81,0,0,0,-42
611,-82.32,-85.91,168.23,-53.47,53.31,167,-79,-134,59,0,0,0,-42
612,-110.51,-78.19,188.7,-65.63,90,165,-68,-150,0,0,0,0,-41
613,-115.09,-60.5,175.6,-68.8,68.47,167,-56,-155,22,0,0,0,-46
614,-123.81,-54.95,178.77,-72.52,90,162,-48,-154,0,0,0,0,-41
615,-131.15,-41.29,172.45,-76.73,90,164,-37,-159,0,0,0,0,-41
616,-137.31,-20.57,157.89,-71.22,20.81,165,-18,-156,49,0,0,0,-40
617,-143.66,-6.81,150.48,-70.63,6.55,166,-6,-156,54,0,0,0,-38
618,-157.86,13.9,143.96,-75.48,-17.95,166,12,-160,39,0,0,0,-38
619,-158.2,29.24,128.96,-67.07,-24.65,166,26,-152,58,0,0,0,-37
620,-169.18,49.14,120.03,-68.06,-46.97,160,43,-148,40,0,0,0,-38
621,-167.9,53.05,114.84,-65.07,-44.38,157,46,-142,47,0,0,0,-38
622,-166.27,65.08,101.18,-59.06,-44.71,156,56,-133,57,0,0,0,-39
623,-165.26,68.36,96.9,-57.22,-44.56,156,59,-131,60,0,0,0,-40
624,-165.2,79.12,86.08,-53.69,-47.94,153,67,-123,60,0,0,0,-42
625,-157.5,98.83,58.67,-43.88,-49.63,153,84,-106,71,0,0,0,-39
626,-158.04,99.48,58.56,-44,-50.2,154,85,-106,70,0,0,0,-41
627,-140.53,118.3,22.23,-31.46,-50.39,155,101,-80,84,0,0,0,-39
628,-129.59,134.15,-4.56,-23.63,-54.43,156,116,-62,83,0,0,0,-40
629,-111.65,124.28,-12.63,-18.5,-46.72,155,107,-49,100,0,0,0,-38
630,-98.11,147.12,-49.01,-9.05,-55.85,154,125,-24,85,0,0,0,-40
631,-86.21,216.62,-130.4,6.7,-90,159,157,18,0,0,0,0,-38
632,-69.49,202.21,-132.72,10.22,-90,158,155,28,0,0,0,0,-38
634,-20.37,170.52,-150.14,23.71,-90,165,151,66,0,0,0,0,-38
635,-22.15,195.99,-173.84,24.06,-90,170,155,69,0,0,0,0,-45
636,-21.33,206.21,-184.87,24.59,-90,172,156,71,0,0,0,0,-41
637,-27.41,208.18,-180.77,23.03,-90,178,163,69,0,0,0,0,-40
638,-23.52,201.73,-178.2,23.86,-90,183,167,74,0,0,0,0,-41
639,-10.65,190.25,-179.59,27.13,-90,189,168,86,0,0,0,0,-41
640,13.65,187.31,-200.97,33.47,-90,194,161,106,0,0,0,0,-47
641,25.51,181.48,-207,36.47,-90,200,160,118,0,0,0,0,-46
642,42.95,168.95,-211.91,41.04,-90,203,153,133,0,0,0,0,-46
643,48.74,178.75,-227.49,41.72,-90,206,153,137,0,0,0,0,-47
644,68.56,162.96,-231.52,46.75,-90,214,146,155,0,0,0,0,-47
645,100.61,126.99,-227.6,56.16,-90,219,121,181,0,0,0,0,-53
646,105.39,148.16,-253.55,54.42,-90,220,128,178,0,0,0,0,-53
647,112.48,138.37,-250.85,56.58,-90,225,123,187,0,0,0,0,-53
648,129.62,120.33,-249.96,61.21,-90,230,110,201,0,0,0,0,-47
649,143.05,94.31,-237.36,66.75,-90,233,91,214,0,0,0,0,-46
650,135.77,99.75,-235.53,65.03,-90,234,98,212,0,0,0,0,-52
651,144.42,80.44,-224.86,69.31,-90,236,83,220,0,0,0,0,-47
652,148.11,76.39,-224.5,70.44,-90,238,79,224,0,0,0,0,-47
653,139.5,73.9,-213.4,70.05,-90,237,80,222,0,0,0,0,-48
654,151.19,47.16,-198.36,76.83,-90,239,54,232,0,0,0,0,-52
655,156.11,36.16,-192.28,79.79,-90,236,41,232,0,0,0,0,-52
656,152.39,20.04,-172.44,83.88,-90,236,25,234,0,0,0,0,-52
657,186.91,9.07,-195.99,87.63,-90,231,9,230,0,0,0,0,-51
658,182.68,-18.32,-164.35,84.76,90,231,-21,230,0,0,0,0,-52
659,180.47,-15.82,-164.64,85.44,90,225,-17,224,0,0,0,0,-52
660,189.08,-0.86,-188.21,89.76,90,221,0,220,0,0,0,0,-47
661,193.99,9.74,-203.73,87.56,-90,220,9,219,0,0,0,0,-47
662,199.04,15.27,-214.31,86.32,-90,216,13,215,0,0,0,0,-50
663,196.6,3.22,-199.82,89.18,-90,212,3,211,0,0,0,0,-50
664,191.54,-11.99,-179.54,86.78,90,207,-11,206,0,0,0,0,-53
665,202.97,-43.02,-159.95,78.38,90,206,-41,201,0,0,0,0,-55
666,231.21,-85.63,-145.58,68.5,90,200,-73,186,0,0,0,0,-54
667,236.96,-117.98,-118.97,60.12,90,198,-98,171,0,0,0,0,-52
668,237.78,-147.44,-90.34,52.09,90,194,-119,153,0,0,0,0,-47
669,219.72,-148.89,-70.83,48.4,90,188,-124,140,0,0,0,0,-47
670,222.29,-158.58,-63.7,46.14,90,188,-130,135,0,0,0,0,-46
671,211.59,-174,-37.59,39.57,90,186,-143,118,0,0,0,0,-42
672,211.5,-181.88,-29.62,37.42,90,184,-146,111,0,0,0,0,-41
673,187.37,-172.68,-14.68,34.03,90,183,-151,102,0,0,0,0,-41
674,180.03,-162.59,-17.43,35.02,90,179,-146,102,0,0,0,0,-42
675,164.84,-174.59,9.75,27.14,90,174,-154,79,0,0,0,0,-41
676,143.19,-169.84,26.64,21.6,90,172,-159,63,0,0,0,0,-47
677,130.63,-180.35,49.72,14.5,90,170,-164,42,0,0,0,0,-46
678,75.04,-152.47,77.42,0,57.88,169,-143,0,89,0,0,0,-46
680,71.83,-157.03,85.2,-2.44,60.82,163,-142,-6,79,0,0,0,-42
681,61.53,-152.84,91.31,-5.47,58.53,162,-137,-15,84,0,0,0,-45
682,33.52,-136.84,103.32,-12.92,51.25,159,-120,-35,97,0,0,0,-42
683,12.03,-126.68,114.64,-19.2,48.17,158,-111,-51,99,0,0,0,-42
684,7.62,-130.01,122.39,-21.59,50.96,153,-110,-56,89,0,0,0,-40
685,-33.52,-103.57,137.1,-33.17,43.42,150,-86,-82,91,0,0,0,-39
686,-57.65,-86.52,144.17,-40.33,39.09,145,-69,-93,85,0,0,0,-41
687,-74.05,-99.03,173.09,-52.43,64.5,142,-78,-112,37,0,0,0,-38
688,-104.54,-71.22,175.76,-64.02,64.66,139,-55,-124,26,0,0,0,-39
689,-112.01,-61.76,173.78,-66.43,59.16,138,-47,-126,28,0,0,0,-39
690,-127,-48.68,175.69,-74.42,90,137,-36,-131,0,0,0,0,-37
691,-139.41,-34.03,173.45,-79.31,90,137,-25,-134,0,0,0,0,-37
692,-138.87,-11.89,150.77,-68.27,10.27,138,-9,-128,50,0,0,0,-37
693,-146.2,6.42,139.77,-66.52,-5.13,137,4,-125,54,0,0,0,-36
694,-157.59,26.43,131.16,-67.83,-22.91,143,21,-132,49,0,0,0,-35
695,-169.41,59.46,109.94,-63.63,-48.07,142,46,-127,42,0,0,0,-37
696,-170.41,69,101.4,-60.66,-51.5,142,54,-123,43,0,0,0,-37
697,-165.65,68.42,97.23,-57.47,-45,137,52,-115,52,0,0,0,-37
698,-166.2,78.96,87.24,-54.37,-48.87,140,61,-113,53,0,0,0,-38
699,-153.95,88.99,64.95,-44.58,-43.96,147,72,-103,75,0,0,0,-42
700,-148.1,92.04,56.06,-40.89,-42.57,149,76,-97,82,0,0,0,-37
701,-134.36,102.08,32.27,-32.29,-42.13,151,85,-80,94,0,0,0,-42
702,-121.58,120.36,1.21,-23.18,-46.66,150,100,-59,94,0,0,0,-42
703,-111.9,145.01,-33.11,-14.62,-56.36,155,124,-39,83,0,0,0,-41
704,-96.75,128.31,-31.56,-12.06,-46.79,159,113,-33,106,0,0,0,-38
705,-85.24,153.39,-68.15,-3.13,-58.58,162,138,-8,84,0,0,0,-39
707,-62.86,212.99,-150.13,13.29,-90,168,163,38,0,0,0,0,-40
708,-56.27,184.07,-127.79,12.63,-90,171,166,37,0,0,0,0,-39
709,-48.49,182.23,-133.74,15.1,-90,173,167,45,0,0,0,0,-39
710,-37.63,207.37,-169.73,20.18,-90,178,167,61,0,0,0,0,-40
711,-25.82,215.46,-189.64,23.68,-90,183,167,73,0,0,0,0,-41
712,-26.16,213,-186.83,23.52,-90,187,171,74,0,0,0,0,-38
713,-22.78,208,-185.22,24.25,-90,187,170,76,0,0,0,0,-40
714,-13.88,204.39,-190.5,26.5,-90,194,173,86,0,0,0,0,-42
715,-8.59,213.03,-204.44,27.94,-90,197,174,92,0,0,0,0,-42
716,-5.89,197.49,-191.59,28.48,-90,201,176,95,0,0,0,0,-46
717,15.82,194.63,-210.45,33.86,-90,204,169,113,0,0,0,0,-47
718,29.67,189.21,-218.88,37.16,-90,209,166,126,0,0,0,0,-48
719,52.26,177.19,-229.46,42.54,-90,212,156,143,0,0,0,0,-51
720,97.51,134.83,-232.35,54.69,-90,216,124,176,0,0,0,0,-53
721,91.01,149.92,-240.94,51.95,-90,221,136,174,0,0,0,0,-47
722,101.49,143.54,-245.03,54.33,-90,226,131,183,0,0,0,0,-47
723,113.8,131.1,-244.91,57.65,-90,235,125,198,0,0,0,0,-47
724,113.74,132.59,-246.33,57.45,-90,238,128,200,0,0,0,0,-50
725,141.28,101.84,-243.12,65.34,-90,243,101,220,0,0,0,0,-51
726,132.16,94.32,-226.49,65.5,-90,244,101,222,0,0,0,0,-53
727,140.05,80.49,-220.55,68.85,-90,247,89,230,0,0,0,0,-53
728,119.23,85.09,-204.32,65.5,-90,250,103,227,0,0,0,0,-47
729,147.04,64.23,-211.28,72.75,-90,249,73,237,0,0,0,0,-47
730,135.15,63.62,-198.77,71.72,-90,248,77,235,0,0,0,0,-48
731,138.36,61.05,-199.42,72.6,-90,247,73,235,0,0,0,0,-54
732,163.8,30.34,-194.14,81.63,-90,239,34,236,0,0,0,0,-53
733,172.13,15.55,-187.69,85.7,-90,242,18,241,0,0,0,0,-53
734,185.96,-0.64,-185.32,89.81,90,242,0,241,0,0,0,0,-52
735,182.12,-2.12,-180,89.4,90,240,-2,239,0,0,0,0,-52
736,187.59,-5.39,-182.19,88.54,90,236,-6,235,0,0,0,0,-48
737,203.89,-5.96,-197.92,88.51,90,232,-6,231,0,0,0,0,-47
738,190.22,17.42,-207.65,85.65,-90,231,17,230,0,0,0,0,-47
739,198.81,13.19,-212,86.8,-90,223,12,222,0,0,0,0,-48
740,204.74,3.82,-208.56,89.07,-90,219,3,218,0,0,0,0,-52
741,193.51,-12.37,-181.14,86.71,90,218,-12,217,0,0,0,0,-53
742,205.44,-38.61,-166.82,79.8,90,211,-37,207,0,0,0,0,-53
743,229.04,-77.57,-151.47,70.54,90,207,-68,195,0,0,0,0,-53
744,243.87,-131.2,-112.66,57.47,90,204,-109,171,0,0,0,0,-52
745,248.24,-150.39,-97.85,53.02,90,196,-117,156,0,0,0,0,-47
746,238.88,-153.15,-85.73,50.73,90,193,-122,149,0,0,0,0,-46
747,221.62,-158.63,-62.99,46,90,190,-131,136,0,0,0,0,-46
748,214.99,-167.35,-47.64,42.16,90,185,-137,124,0,0,0,0,-41
750,203.56,-163.66,-39.9,40.64,90,177,-134,115,0,0,0,0,-41
751,192.23,-178.24,-13.98,33.73,90,174,-144,96,0,0,0,0,-40
753,167.78,-174.93,7.15,27.91,90,165,-145,77,0,0,0,0,-42
754,139.64,-172.39,32.75,19.68,90,155,-145,52,0,0,0,0,-46
755,107.66,-171.46,63.79,8.07,74.17,149,-141,20,40,0,0,0,-46
756,82.27,-159.12,76.84,0,62.13,149,-131,0,69,0,0,0,-41
757,76.94,-159.63,82.68,-1.04,62.48,150,-133,-2,69,0,0,0,-42
758,49.41,-141.27,91.86,-7.81,52.38,138,-108,-18,83,0,0,0,-41
759,41.16,-136.17,95,-9.93,50.16,143,-108,-24,90,0,0,0,-42
760,40.04,-140.26,100.22,-11.11,52.56,132,-102,-25,78,0,0,0,-39
761,-8.75,-112.12,120.88,-24.56,43.22,128,-79,-53,84,0,0,0,-37
762,-15.75,-110.73,126.48,-27.13,43.72,119,-73,-54,76,0,0,0,-37
763,-52.6,-85.38,137.98,-37.67,36.81,120,-56,-73,76,0,0,0,-37
764,-81.09,-72.04,153.13,-48.69,37.32,120,-48,-90,62,0,0,0,-36
765,-103.89,-86.07,189.97,-63.08,90,117,-52,-104,0,0,0,0,-37
766,-111.32,-78.86,190.19,-65.61,90,123,-50,-112,0,0,0,0,-36
767,-125.38,-45.4,170.79,-71.79,53.86,120,-30,-113,22,0,0,0,-37
768,-135.55,-37.7,173.25,-78.04,90,118,-24,-115,0,0,0,0,-35
769,-147.31,-8.99,156.3,-76.85,12.68,119,-5,-115,26,0,0,0,-35
770,-148.42,7.75,140.67,-68,-6.59,121,5,-112,45,0,0,0,-34
771,-152.71,24.89,127.82,-64.12,-18.47,121,16,-108,50,0,0,0,-35
772,-162.49,49.56,112.92,-62.04,-35.98,128,35,-113,48,0,0,0,-36
773,-165.43,60.8,104.63,-60.01,-42.53,124,41,-107,45,0,0,0,-37
774,-168.45,74.49,93.95,-57.3,-50.02,133,55,-111,46,0,0,0,-38
775,-166.53,82.25,84.28,-53.55,-50.28,124,56,-99,47,0,0,0,-40
776,-164.03,90.13,73.89,-49.73,-50.78,116,58,-88,47,0,0,0,-42
777,-155.56,82.04,73.51,-47.27,-42.21,129,58,-94,64,0,0,0,-37
778,-150.66,92.7,57.95,-42,-43.86,135,69,-90,72,0,0,0,-41
779,-146.75,100.3,46.45,-38.28,-45.22,138,76,-85,76,0,0,0,-40
780,-129.31,103.34,25.96,-29.86,-41.45,130,74,-64,84,0,0,0,-38
781,-119.17,119.86,-0.69,-22.32,-46.04,124,82,-47,79,0,0,0,-40
782,-105.83,124.42,-18.59,-16.23,-46.04,138,95,-38,91,0,0,0,-40
783,-104.57,143.4,-38.83,-12.16,-54.58,132,105,-27,74,0,0,0,-38
785,-64.43,176.7,-112.27,8.81,-83.44,141,138,21,15,0,0,0,-38
786,-63.96,198.21,-134.25,11.55,-90,143,140,28,0,0,0,0,-37
787,-48.71,205.17,-156.45,16.85,-90,144,137,41,0,0,0,0,-38
788,-16.16,185.13,-168.97,25.46,-90,147,132,63,0,0,0,0,-39
789,-35.83,191.97,-156.14,19.88,-90,151,142,51,0,0,0,0,-37
790,-5.23,188.94,-183.71,28.59,-90,155,136,74,0,0,0,0,-37
791,-23.44,184.73,-161.29,23.29,-90,163,149,64,0,0,0,0,-37
792,-1.37,183.17,-181.79,29.61,-90,173,150,85,0,0,0,0,-40
793,-13.2,198.67,-185.47,26.58,-90,175,156,78,0,0,0,0,-45
794,12.5,201.63,-214.14,32.97,-90,180,151,97,0,0,0,0,-42
795,5.55,200.8,-206.35,31.34,-90,173,147,89,0,0,0,0,-46
796,49.68,169.61,-219.3,42.46,-90,182,134,122,0,0,0,0,-47
797,56.91,167.06,-223.98,44.13,-90,198,142,137,0,0,0,0,-50
798,58,168.57,-226.58,44.25,-90,202,144,140,0,0,0,0,-50
799,92.49,148.47,-240.97,52.35,-90,200,122,158,0,0,0,0,-50
800,88.36,159.19,-247.56,50.61,-90,215,136,166,0,0,0,0,-50
801,105.62,140.82,-246.45,55.27,-90,214,121,175,0,0,0,0,-51
802,112.96,138.45,-251.42,56.64,-90,225,123,187,0,0,0,0,-52
803,127.86,123.22,-251.08,60.6,-90,231,113,201,0,0,0,0,-54
804,116.45,124.25,-240.7,58.91,-90,231,119,197,0,0,0,0,-54
805,129.87,99.64,-229.51,64.33,-90,243,105,219,0,0,0,0,-48
806,139.3,80.71,-220.01,68.73,-90,243,88,226,0,0,0,0,-53
807,126.73,86.38,-213.11,66.22,-90,247,99,226,0,0,0,0,-50
808,152.72,72.11,-224.83,71.68,-90,252,79,239,0,0,0,0,-52
809,152.99,69.47,-222.47,72.21,-90,250,76,238,0,0,0,0,-52
810,143.06,66.64,-209.71,71.87,-90,246,76,233,0,0,0,0,-52
811,164.44,53.79,-218.24,76.3,-90,249,58,241,0,0,0,0,-52
812,149.51,51.78,-201.29,75.64,-90,245,60,237,0,0,0,0,-52
813,160.56,39.04,-199.61,79.35,-90,239,44,234,0,0,0,0,-52
814,157.3,28.62,-185.92,81.77,-90,239,34,236,0,0,0,0,-53
815,163.31,30.51,-193.83,81.57,-90,235,34,232,0,0,0,0,-54
816,163.13,4.79,-167.92,88.55,-90,227,5,226,0,0,0,0,-54
818,182,-5.05,-176.95,88.59,90,218,-5,217,0,0,0,0,-52
819,195.09,-11.27,-183.81,87.03,90,215,-11,214,0,0,0,0,-50
820,192.23,7.04,-199.27,88.2,-90,219,6,218,0,0,0,0,-47
821,197.9,11.75,-209.65,87.13,-90,215,10,214,0,0,0,0,-48
822,205.62,1.76,-207.39,89.56,-90,211,1,210,0,0,0,0,-50
823,193.88,2.44,-196.32,89.36,-90,206,2,205,0,0,0,0,-51
824,185.08,1.56,-186.65,89.57,-90,194,1,193,0,0,0,0,-53
825,203.59,-42.73,-160.85,78.5,90,194,-38,190,0,0,0,0,-53
826,208.76,-55.65,-153.1,75.07,90,196,-50,189,0,0,0,0,-52
827,234.6,-106.56,-128.03,63.01,90,189,-85,168,0,0,0,0,-52
828,225.75,-118.32,-107.43,58.39,90,193,-101,164,0,0,0,0,-51
829,236.7,-163.44,-73.26,47.58,90,194,-130,143,0,0,0,0,-47
830,219.42,-149,-70.42,48.3,90,192,-127,143,0,0,0,0,-46
831,204.33,-157.29,-47.04,42.68,90,183,-134,124,0,0,0,0,-46
833,211.17,-181.94,-29.23,37.32,90,181,-143,109,0,0,0,0,-40
834,204.66,-181.87,-22.79,35.82,90,185,-150,108,0,0,0,0,-42
835,184.57,-164.78,-19.79,35.59,90,170,-138,98,0,0,0,0,-42
836,167.27,-167.66,0.39,29.87,90,171,-148,85,0,0,0,0,-42
837,137.49,-165.76,28.26,20.5,79.47,175,-161,61,29,0,0,0,-46
838,123.14,-162.98,39.84,15.48,69.98,167,-151,44,55,0,0,0,-46
839,95.46,-167.85,72.39,4.23,69.22,164,-152,12,58,0,0,0,-46
840,80.5,-161.15,80.65,0,63.53,171,-153,0,76,0,0,0,-45
841,65.47,-144.96,79.48,-2.56,53.71,163,-131,-7,96,0,0,0,-42
842,64.89,-149.95,85.06,-3.69,56.58,153,-127,-9,84,0,0,0,-46
843,41.81,-144.14,102.32,-11.18,54.7,147,-117,-28,83,0,0,0,-45
844,27.14,-141.12,113.97,-16.16,54.7,152,-119,-42,84,0,0,0,-41
845,3.17,-127.16,123.99,-22.79,50.01,133,-93,-51,78,0,0,0,-40
846,-23.75,-103.39,127.15,-28.93,41.02,138,-79,-66,91,0,0,0,-38
847,-34.44,-93.01,127.46,-31.27,37.19,136,-70,-70,92,0,0,0,-40
848,-52.35,-103.1,155.45,-41.78,50.19,139,-79,-92,66,0,0,0,-38
849,-93.07,-78.5,171.57,-58.07,55.58,136,-59,-115,40,0,0,0,-40
850,-103.31,-80.1,183.41,-64.16,90,131,-57,-117,0,0,0,0,-38
851,-124.65,-55.6,180.25,-72.46,90,131,-39,-124,0,0,0,0,-38
852,-129.89,-40,169.9,-74.06,54.09,129,-28,-124,20,0,0,0,-37
853,-138,-26.62,164.63,-76.08,38,131,-19,-127,24,0,0,0,-36
854,-145.54,2.77,142.77,-67.62,-2.31,133,2,-122,50,0,0,0,-33
856,-160.91,39.85,121.05,-64.73,-31.25,123,27,-111,44,0,0,0,-35
857,-159.41,51.02,108.38,-59.19,-33.61,128,36,-109,54,0,0,0,-37
858,-172.86,74.31,98.54,-60.51,-57.02,132,54,-114,35,0,0,0,-38
859,-162.12,74.86,87.26,-53.11,-43.86,129,53,-103,55,0,0,0,-40
860,-161.16,84.91,76.24,-49.58,-46.69,138,65,-105,61,0,0,0,-41
861,-150.48,80.3,70.17,-45.04,-39.15,135,60,-95,73,0,0,0,-38
862,-147.31,94.99,52.32,-39.8,-43.39,136,71,-87,75,0,0,0,-38
863,-142.39,111.59,30.8,-33.73,-48.2,147,91,-81,81,0,0,0,-38
864,-127.76,110.71,17.04,-27.66,-43.98,144,88,-66,91,0,0,0,-37
865,-115.86,118.89,-3.03,-21.2,-45.1,143,94,-51,94,0,0,0,-37
866,-101,146.65,-45.64,-10.21,-55.87,143,116,-25,78,0,0,0,-40
867,-90.58,148.04,-57.45,-6.08,-55.79,147,120,-15,82,0,0,0,-38
868,-70,168.22,-98.22,5.18,-69.77,156,145,14,53,0,0,0,-38
869,-50.94,181.78,-130.84,14.22,-90,157,152,38,0,0,0,0,-42
870,-57.21,177.37,-120.16,11.56,-90,161,157,32,0,0,0,0,-37
871,-43.24,191.12,-147.87,17.53,-90,161,153,48,0,0,0,0,-42
872,-17,190.56,-173.56,25.36,-90,156,140,66,0,0,0,0,-41
873,-17.53,208.71,-191.18,25.64,-90,165,148,71,0,0,0,0,-41
874,-17.18,192.38,-175.19,25.36,-90,170,153,72,0,0,0,0,-40
875,-8.26,209.54,-201.28,28,-90,170,150,79,0,0,0,0,-39
876,-11.94,204.61,-192.66,27,-90,172,153,78,0,0,0,0,-39
877,4.2,201.88,-206.09,31.01,-90,174,149,89,0,0,0,0,-41
878,15.27,184.69,-199.96,33.92,-90,186,154,103,0,0,0,0,-45
879,37.87,172.89,-210.76,39.69,-90,191,146,121,0,0,0,0,-46
881,75.45,148.47,-223.92,49.32,-90,196,127,148,0,0,0,0,-52
883,122.99,130.29,-253.29,59.03,-90,208,107,178,0,0,0,0,-47
884,122.05,134.52,-256.58,58.38,-90,213,111,181,0,0,0,0,-53
885,122.78,126.09,-248.88,59.55,-90,216,109,186,0,0,0,0,-50
886,124.46,119.94,-244.41,60.6,-90,235,115,204,0,0,0,0,-47
887,140.01,98.59,-238.61,65.71,-90,240,98,218,0,0,0,0,-47
888,131.49,85.57,-217.07,66.95,-90,234,91,215,0,0,0,0,-47
889,146.12,73.05,-219.18,70.88,-90,235,76,222,0,0,0,0,-50
890,145.11,66.51,-211.63,72.09,-90,237,72,225,0,0,0,0,-53
891,151.49,64.91,-216.41,73,-90,234,68,223,0,0,0,0,-53
892,162.51,46.03,-208.55,77.86,-90,232,48,226,0,0,0,0,-52
893,147.74,43.53,-191.27,77.45,-90,231,50,225,0,0,0,0,-52
894,163.78,20.01,-183.8,84.29,-90,233,23,231,0,0,0,0,-52
895,173.84,4.68,-178.53,88.67,-90,231,5,230,0,0,0,0,-53
896,190.94,-6.91,-184.03,88.16,90,220,-7,219,0,0,0,0,-51
897,193.23,0.24,-193.47,89.92,-90,216,0,215,0,0,0,0,-52
898,196.78,-0.08,-196.7,89.96,90,217,0,216,0,0,0,0,-51
901,201.55,19.22,-220.77,85.48,-90,199,15,198,0,0,0,0,-52
902,192.48,3.5,-195.99,89.09,-90,198,3,197,0,0,0,0,-53
904,210.37,-52.46,-157.91,76.13,90,198,-47,192,0,0,0,0,-57
905,233.96,-119.22,-114.73,59.35,90,198,-100,170,0,0,0,0,-51
906,239.85,-147.92,-91.93,52.31,90,193,-117,152,0,0,0,0,-48
907,220.59,-127.65,-92.94,54.79,90,187,-107,152,0,0,0,0,-46
908,213.93,-143.27,-70.66,48.9,90,189,-124,142,0,0,0,0,-47
909,211.57,-159,-52.56,43.79,90,192,-138,132,0,0,0,0,-46
910,208.63,-177.38,-31.25,37.97,90,201,-158,123,0,0,0,0,-46
911,201.27,-186.88,-14.39,33.66,90,208,-173,115,0,0,0,0,-42
912,197.75,-179.48,-18.26,34.78,90,203,-166,115,0,0,0,0,-42
913,185.39,-164.01,-21.37,36.03,90,209,-169,122,0,0,0,0,-46
915,163.81,-170.57,6.76,27.98,90,216,-190,101,0,0,0,0,-47
916,162.82,-185.63,22.8,23.52,90,229,-209,91,0,0,0,0,-47
917,127.62,-175.29,47.67,14.75,90,227,-219,57,0,0,0,0,-50
918,121.61,-171.49,49.87,13.29,78.23,231,-220,53,45,0,0,0,-51
919,114.31,-176.28,61.96,9.65,83.44,236,-231,39,26,0,0,0,-53
920,73.26,-144,70.73,0,53.12,247,-197,0,148,0,0,0,-51
921,74.34,-154.06,79.71,0,58.86,245,-209,0,126,0,0,0,-52
922,65.06,-145.58,80.52,-2.83,54.06,254,-205,-12,148,0,0,0,-51
923,62.98,-146.9,83.92,-3.84,54.87,266,-217,-17,152,0,0,0,-52
924,63.94,-145.22,81.28,-3.17,53.89,274,-221,-15,161,0,0,0,-51
925,70.23,-154.5,84.26,-2.56,59.22,284,-243,-12,145,0,0,0,-52
926,58.25,-138.78,80.52,-4.08,50.61,290,-223,-20,183,0,0,0,-53
929,76.99,-154.43,77.44,0,59.08,309,-265,0,158,0,0,0,-52
930,73.24,-151.35,78.1,0,57.23,317,-266,0,171,0,0,0,-53
931,67.91,-151.07,83.16,-2.79,57.16,326,-273,-15,176,0,0,0,-53
932,60.7,-145.38,84.67,-4.39,54.09,329,-265,-25,192,0,0,0,-53
933,72.63,-150.72,78.09,-1,56.86,329,-275,-5,179,0,0,0,-52
935,75.8,-158,82.2,-1.16,61.39,347,-304,-7,166,0,0,0,-54
936,83.58,-163.51,79.93,0,65.28,359,-326,0,150,0,0,0,-53
937,79.66,-159.93,80.27,0,62.68,374,-332,0,171,0,0,0,-54
938,87.82,-165.97,78.15,1.76,67.28,386,-355,11,149,0,0,0,-58
939,61.52,-143.43,81.91,-3.75,52.98,387,-308,-25,232,0,0,0,-58
940,68.63,-143.35,74.72,-1.1,52.79,396,-315,-7,239,0,0,0,-58
941,-130.33,56.4,73.92,-40.92,-24.5,403,126,-263,277,0,0,0,-58
942,73.8,-150.87,77.07,0,56.94,413,-346,0,225,0,0,0,-59
943,79.03,-146.75,67.72,2.06,54.66,417,-339,14,241,0,0,0,-59
944,95.15,-175.43,80.27,2.72,77.34,435,-423,20,95,0,0,0,-59
945,80.01,-150.61,70.6,1.72,56.82,444,-371,13,242,0,0,0,-57
946,85.73,-158.24,72.51,2.42,61.62,443,-389,18,210,0,0,0,-58
947,81.62,-133.08,51.46,5.54,47.96,458,-338,44,305,0,0,0,-60
948,101.17,-176.6,75.43,4.72,79.89,467,-458,38,81,0,0,0,-57
950,106.49,-167.85,61.36,8.31,70.45,476,-443,68,157,0,0,0,-60
951,101.22,-170.68,69.46,5.83,72.39,489,-463,49,147,0,0,0,-58
952,121.29,-181.4,60.11,11,90,494,-484,94,0,0,0,0,-60
953,-34.74,-34.57,69.31,-19.48,11.75,502,-96,-167,463,0,0,0,-60
954,-185.77,120.68,65.09,-50.18,-90,515,329,-395,0,0,0,0,-58
957,-224.85,173.22,51.63,-42.65,-90,536,394,-363,0,0,0,0,-56
958,-240.02,193.14,46.88,-40.6,-90,542,411,-352,0,0,0,0,-58
959,-247.6,201.62,45.98,-40.04,-90,560,428,-360,0,0,0,0,-59
960,-268.02,207.28,60.73,-42.46,-90,572,421,-386,0,0,0,0,-62
961,-261.55,205.54,56.01,-41.72,-90,582,434,-387,0,0,0,0,-58
962,-197.92,145.2,52.72,-44.89,-90,585,414,-412,0,0,0,0,-63
963,-276.51,219.78,56.73,-41.18,-90,603,453,-397,0,0,0,0,-63
964,-258.41,210.78,47.63,-39.96,-90,603,462,-387,0,0,0,0,-61
965,-143.08,81.79,61.28,-40.94,-36.98,623,283,-408,375,0,0,0,-62
966,-95.26,41.96,53.3,-28.45,-15.36,634,147,-302,537,0,0,0,-58
967,-182.18,132.5,49.67,-45.28,-90,641,451,-455,0,0,0,0,-60
968,-129.91,81.5,48.41,-34.87,-33.5,658,297,-376,450,0,0,0,-62
969,-119.5,70,49.49,-32.81,-27.55,660,256,-357,491,0,0,0,-65
971,-243.75,191.39,52.35,-41.76,-90,680,507,-452,0,0,0,0,-66
972,-240.12,184.98,55.14,-42.65,-90,693,509,-469,0,0,0,0,-65
973,-203.17,156.83,46.34,-42.55,-90,702,517,-474,0,0,0,0,-64
974,-95.45,44.91,50.53,-27.91,-16.39,712,177,-333,603,0,0,0,-59
975,-239.28,193,46.28,-40.5,-90,722,549,-468,0,0,0,0,-63
976,-233.82,184.87,48.95,-41.43,-90,738,553,-488,0,0,0,0,-64
977,-69.61,11.73,57.87,-24.12,-4.08,752,48,-307,684,0,0,0,-58
978,36.3,-79.23,42.92,-1.2,26.11,757,-333,-15,679,0,0,0,-64
979,78.62,-136.74,58.12,3.76,49.57,755,-573,49,488,0,0,0,-66
980,133.04,-187.45,54.41,13.6,90,771,-749,181,0,0,0,0,-65
981,105.76,-167.27,61.51,8.14,69.84,764,-709,108,260,0,0,0,-66
982,88.08,-151.24,63.15,4.57,57.44,768,-645,61,412,0,0,0,-65
983,87.61,-138.3,50.69,6.78,50.68,772,-593,91,485,0,0,0,-65
984,99.7,-151.66,51.95,8.79,58.5,767,-646,117,396,0,0,0,-64
985,-130.02,76.79,53.22,-36,-31.81,778,331,-457,534,0,0,0,-63
987,7.81,-60.08,52.27,-8.18,19.7,765,-255,-108,712,0,0,0,-61
988,116.81,-157.31,40.5,14.15,64.33,760,-664,185,319,0,0,0,-63
990,79.22,-142.02,62.79,3.01,52.18,741,-584,38,453,0,0,0,-60
991,85.76,-135.3,49.54,6.66,49.17,726,-545,84,471,0,0,0,-60
992,108.5,-158.44,49.94,10.81,63.65,710,-624,133,309,0,0,0,-63
993,165.29,-216.05,50.76,17,90,702,-671,205,0,0,0,0,-59
994,-120.44,60.03,60.4,-35.44,-24.16,688,229,-398,511,0,0,0,-60
995,-24.59,-40.16,64.76,-16.64,13.45,682,-151,-195,635,0,0,0,-61
996,-200.96,137.7,63.25,-47.91,-90,661,443,-490,0,0,0,0,-59
997,-110.64,42.85,67.79,-34.9,-16.86,645,153,-369,506,0,0,0,-59
998,54.13,-120.57,66.44,-2.25,42.08,631,-422,-24,467,0,0,0,-61
999,83.06,-152.12,69.06,2.56,57.76,622,-525,27,331,0,0,0,-58
1000,133.45,-194.53,61.07,12.11,90,605,-591,126,0,0,0,0,-57
1001,129.55,-185.93,56.37,12.79,90,590,-575,130,0,0,0,0,-57
1002,54.64,-117.66,63.02,-1.52,40.83,580,-379,-15,438,0,0,0,-59
1003,89.65,-164.34,74.68,2.75,66.06,556,-507,26,225,0,0,0,-58
1004,64.28,-133.46,69.18,0,47.85,549,-407,0,368,0,0,0,-59
1005,-25.82,-49.15,74.98,-18.85,16.76,532,-145,-171,482,0,0,0,-58
1006,-111.72,25.7,86.01,-39.35,-10.63,523,74,-331,397,0,0,0,-58
1007,-144.64,58.91,85.72,-47.62,-29.05,515,168,-380,303,0,0,0,-55
1008,-270.08,184.92,85.16,-47.95,-90,488,326,-362,0,0,0,0,-57
1010,-257.88,174.25,83.63,-48.52,-90,451,298,-337,0,0,0,0,-59
1014,60.94,-145.62,84.67,-4.35,54.22,401,-324,-30,233,0,0,0,-57
1015,54.57,-141.98,87.4,-6.03,52.47,385,-303,-40,233,0,0,0,-56
1016,49.33,-138.87,89.53,-7.39,51.06,369,-284,-47,229,0,0,0,-55
1017,66.39,-147.56,81.16,-2.7,55.14,344,-281,-16,196,0,0,0,-56
1018,49.51,-136.3,86.79,-6.85,49.69,338,-255,-40,217,0,0,0,-53
1019,77.08,-158.04,80.95,0,61.4,314,-275,0,150,0,0,0,-53
1020,65.51,-147.17,81.66,-2.95,54.94,294,-240,-15,168,0,0,0,-53
1021,93.5,-158.32,64.82,5.26,62.03,276,-242,25,128,0,0,0,-53
1022,91.19,-153.09,61.89,5.38,58.67,265,-225,24,137,0,0,0,-52
1023,101.15,-157.32,56.16,8.28,62.02,260,-227,37,120,0,0,0,-53
1024,122.47,-176.65,54.18,12.57,90,238,-232,51,0,0,0,0,-53
1025,145.99,-184.69,38.69,18.53,90,229,-217,72,0,0,0,0,-52
1026,148.65,-183.17,34.51,19.77,90,212,-199,71,0,0,0,0,-51
1027,157.84,-177.55,19.71,24.17,90,208,-189,85,0,0,0,0,-48
1028,167.14,-163.67,-3.47,31.03,90,184,-157,94,0,0,0,0,-45
1029,189.32,-179.83,-9.48,32.53,90,175,-147,94,0,0,0,0,-42
1030,192.63,-162.7,-29.92,38.28,90,162,-127,100,0,0,0,0,-41
1031,201.88,-160.97,-40.91,41.03,90,161,-121,105,0,0,0,0,-41
1032,204.2,-154.5,-49.7,43.48,90,153,-111,105,0,0,0,0,-42
1034,218.24,-145.27,-72.96,49.15,90,143,-93,108,0,0,0,0,-46
1035,217.17,-122.08,-95.08,55.88,90,133,-74,110,0,0,0,0,-46
1036,235.35,-115.23,-120.12,60.67,90,135,-66,117,0,0,0,0,-51
1037,210.12,-64.2,-145.91,72.64,90,134,-39,127,0,0,0,0,-52
1038,191.58,-12.57,-179.01,86.62,90,132,-7,131,0,0,0,0,-47
1039,170.63,11.01,-181.64,86.89,-90,132,7,131,0,0,0,0,-46
1040,178.74,11.69,-190.43,86.84,-90,135,7,134,0,0,0,0,-46
1041,193.14,10.71,-203.86,87.31,-90,134,6,133,0,0,0,0,-42
1042,201.82,-2.96,-198.85,89.25,90,143,-1,142,0,0,0,0,-41
1043,186.82,-1.84,-184.98,89.5,90,149,-1,148,0,0,0,0,-41
1044,196.38,-0.14,-196.24,89.95,90,151,0,150,0,0,0,0,-42
1045,186.92,6.47,-193.39,88.3,-90,156,4,155,0,0,0,0,-45
1046,199.48,5.77,-205.26,88.57,-90,152,3,151,0,0,0,0,-45
1047,185.81,1.49,-187.31,89.59,-90,152,1,151,0,0,0,0,-46
1048,192.35,0.84,-193.2,89.77,-90,157,0,156,0,0,0,0,-46
1050,183.03,0.57,-183.6,89.83,-90,160,0,159,0,0,0,0,-46
1051,201.3,15.23,-216.54,86.37,-90,155,9,154,0,0,0,0,-46
1052,195.79,0.65,-196.45,89.82,-90,156,0,155,0,0,0,0,-46
1053,192.16,-0.39,-191.76,89.88,90,163,0,162,0,0,0,0,-46
1054,194.41,-2.56,-191.85,89.33,90,158,-1,157,0,0,0,0,-46
1055,179.92,1.33,-181.25,89.62,-90,159,1,158,0,0,0,0,-47
1056,177.41,-14.19,-163.22,85.86,90,165,-11,164,0,0,0,0,-48
1057,195.62,-17.77,-177.84,85.27,90,169,-13,168,0,0,0,0,-46
1058,172.53,-26.44,-146.09,81.81,90,174,-24,172,0,0,0,0,-51
1059,169.62,-17.17,-152.45,84.71,90,182,-16,181,0,0,0,0,-51
1060,176.13,-9.86,-166.27,87.13,90,174,-8,173,0,0,0,0,-50
1061,169.45,-1.08,-168.37,89.67,90,180,-1,179,0,0,0,0,-52
1062,173.16,6.18,-179.34,88.25,-90,177,5,176,0,0,0,0,-53
1063,158.97,23.34,-182.31,83.23,-90,176,20,174,0,0,0,0,-53
1064,158.22,12.67,-170.9,86.17,-90,184,12,183,0,0,0,0,-58
1065,154.29,29.74,-184.03,81.33,-90,178,26,175,0,0,0,0,-58
1066,150.43,34.63,-185.07,79.85,-90,177,31,174,0,0,0,0,-60
1067,158.63,34.26,-192.9,80.4,-90,185,30,182,0,0,0,0,-60
1068,134.81,47.93,-182.74,75.33,-90,180,45,174,0,0,0,0,-58
1069,145.35,41.39,-186.75,77.8,-90,181,38,176,0,0,0,0,-58
1070,147.62,35.42,-183.04,79.47,-90,182,33,178,0,0,0,0,-59
1071,142.61,37.4,-180.01,78.63,-90,181,35,177,0,0,0,0,-57
